100 117
91 82 27 45 35 107 115 101 110 96 50 42 25 23 32 50 83 54 32 68 16 23 21 34 107 24 8 109 32 89 32 95 36 87 23 114 104 109 32 42 115 87 91 34 46 89 104 115 34 31 115 2 55 107 87 89 109 43 38 40 65 11 101 69 107 69 107 114 32 34 107 104 109 59 82 34 103 17 105 101 27 82 27 68 34 30 89 115 31 7 68 110 41 32 32 107 36 75 30 
66 94 46 42 75 58 42 62 6 10 116 36 5 35 81 32 11 74 117 91 92 34 76 9 23 89 40 19 117 117 27 71 117 117 117 117 85 98 117 117 107 117 99 117 117 65 117 117 45 117 36 82 117 77 117 3 117 68 68 104 117 117 114 117 44 117 117 117 49 108 109 117 51 15 117 110 27 96 102 23 48 86 57 53 95 33 7 4 115 52 67 82 31 1 78 111 109 29 
115 59 11 50 13 22 12 55 7 94 2 51 105 45 82 101 83 80 11 62 34 1 39 107 104 102 72 14 20 96 93 35 49 70 117 117 117 117 117 115 117 40 117 117 117 117 117 117 117 46 47 117 117 117 117 38 42 115 27 117 81 117 117 79 117 117 117 117 90 97 117 108 64 9 115 31 23 0 58 77 103 54 10 29 11 100 30 30 41 52 2 18 78 114 6 104 116 
68 114 10 45 57 89 111 113 0 13 88 33 2 109 27 95 56 43 75 2 39 67 13 27 29 40 98 17 82 105 48 117 53 72 12 117 117 117 89 117 117 116 117 117 117 117 117 117 96 13 117 117 117 117 117 11 59 96 63 43 117 117 117 81 117 117 32 103 25 78 106 117 112 34 110 34 38 15 74 97 65 21 3 35 90 54 50 6 71 30 82 9 76 93 2 77 
98 11 27 87 109 89 36 11 67 50 11 31 62 63 114 89 108 114 6 87 104 105 103 47 69 47 104 65 69 34 82 13 34 2 59 23 23 112 32 96 114 104 87 47 27 87 104 4 64 23 11 13 82 32 95 52 55 31 114 47 50 101 42 89 91 96 36 68 46 107 101 110 44 0 37 36 34 11 36 34 30 30 42 110 32 92 30 101 57 36 107 42 27 38 30 
68 31 36 47 32 42 43 1 42 31 23 72 57 31 104 86 30 79 23 36 16 102 47 107 2 109 111 109 115 68 68 89 87 109 52 27 78 96 34 89 78 30 109 42 91 107 70 29 36 91 30 11 42 56 6 85 13 23 13 31 78 109 114 23 43 104 96 68 107 109 11 52 22 53 91 2 31 89 101 114 50 46 104 27 61 82 30 58 30 46 13 82 95 27 
21 72 52 27 12 98 13 97 71 79 107 30 111 18 109 83 11 14 4 47 42 77 117 62 90 91 48 100 32 63 80 102 1 117 117 114 117 117 117 117 117 117 117 60 117 109 31 117 117 117 117 55 43 50 36 117 117 117 117 108 117 117 117 117 117 29 94 117 115 117 34 43 104 117 117 24 106 41 8 15 85 88 66 96 64 105 82 45 19 39 59 107 38 
24 3 7 64 51 101 57 93 84 91 89 33 43 34 14 2 85 108 69 32 86 117 39 42 82 10 99 117 117 117 112 117 83 117 104 6 0 117 117 117 88 117 117 117 13 68 117 117 117 117 117 46 107 96 117 117 117 117 117 17 29 117 37 117 63 117 80 26 25 101 31 91 96 95 5 48 117 59 53 71 52 32 30 55 40 46 41 60 106 72 30 54 
114 28 92 52 2 43 49 20 50 68 6 86 109 41 11 7 16 50 47 17 97 103 23 46 9 4 74 26 53 94 29 91 117 36 117 117 117 71 117 117 117 117 117 27 96 117 117 117 117 117 91 96 89 117 117 117 117 117 117 117 117 51 117 99 10 117 63 117 46 34 2 58 61 3 102 81 70 12 107 34 109 110 88 1 59 35 93 80 48 27 95 
39 98 88 11 80 76 111 91 96 64 40 107 38 31 25 99 114 32 79 16 108 102 68 14 67 78 54 117 74 45 117 86 42 117 22 117 117 117 96 117 117 6 2 89 117 117 17 117 117 110 101 11 117 117 117 117 117 50 117 117 117 35 70 117 24 117 60 115 34 110 117 5 37 41 117 29 4 95 93 101 69 110 57 110 117 103 84 116 43 10 
77 97 107 102 60 53 69 107 62 3 27 106 36 50 74 13 43 70 63 17 24 36 61 19 58 0 33 117 44 86 37 47 117 117 11 117 117 117 117 117 117 32 2 117 117 117 117 117 42 50 107 117 26 117 117 117 117 117 98 10 117 18 52 117 117 117 31 91 42 29 117 67 1 93 41 73 100 54 78 110 112 35 42 105 72 34 71 32 92 
36 43 44 100 87 104 13 54 26 2 53 59 18 17 59 23 1 94 116 35 91 60 63 52 42 79 33 93 58 81 23 71 117 68 117 47 29 117 83 65 2 59 117 117 117 117 117 101 46 34 117 117 117 117 117 117 117 117 117 117 117 117 117 117 117 72 11 43 61 108 62 84 117 0 40 20 21 88 115 102 24 104 48 51 37 41 104 78 
76 16 102 9 42 68 40 57 32 7 30 65 12 32 104 19 68 110 81 87 38 58 45 35 14 10 15 25 62 34 106 114 95 79 6 80 117 117 117 47 46 117 117 105 117 117 59 23 110 117 78 117 117 117 117 117 117 117 117 67 117 117 117 117 30 31 46 117 117 20 117 117 22 61 117 24 49 36 89 85 42 77 113 21 28 89 41 
32 107 31 90 83 11 36 48 47 35 2 50 63 97 47 101 107 30 6 110 31 107 42 47 89 36 42 47 45 23 23 47 50 36 104 59 107 34 61 56 59 13 104 109 30 7 22 3 96 42 46 101 107 69 36 50 110 87 46 50 36 47 96 78 111 9 36 91 36 89 109 85 46 36 109 27 55 91 11 72 23 91 31 34 102 30 
52 72 89 50 66 0 89 12 96 116 38 50 96 20 37 92 14 114 49 73 108 112 86 79 21 117 48 59 113 117 111 4 25 98 117 117 117 11 27 117 117 117 117 117 101 50 47 117 117 117 117 117 99 117 117 117 85 117 29 117 60 117 31 59 11 117 117 35 39 117 77 117 8 69 106 68 84 13 23 19 94 26 34 23 33 
18 110 115 20 113 91 29 114 24 42 104 115 12 92 21 28 114 70 55 88 97 99 65 53 96 117 115 17 117 94 117 117 117 90 117 117 69 85 117 83 117 117 117 11 30 114 117 117 117 117 117 117 117 117 117 117 117 117 74 82 4 69 68 34 57 117 15 117 98 73 117 72 117 81 59 1 58 109 10 48 0 8 50 37 
30 32 71 1 82 65 23 113 58 2 31 26 62 64 44 68 94 37 93 49 55 5 39 40 70 115 56 117 76 117 4 57 106 67 117 101 89 117 117 16 117 117 52 87 30 117 117 117 117 117 117 117 33 117 117 85 117 117 117 117 104 91 32 117 117 117 117 12 117 7 105 117 83 36 77 75 27 29 80 73 60 115 63 
81 32 107 17 89 99 82 68 44 108 109 50 47 82 24 114 50 107 96 11 31 30 87 32 16 46 104 34 114 107 11 110 82 69 14 5 13 43 69 82 34 61 18 75 47 110 104 82 110 27 2 89 30 59 13 68 82 68 13 70 92 77 115 34 69 59 104 31 11 31 114 31 0 2 46 40 91 32 110 23 51 27 
13 42 15 89 107 110 96 36 56 50 89 27 13 84 13 89 13 109 47 89 69 31 107 75 82 96 82 69 30 89 115 50 2 44 111 89 11 30 96 87 85 67 91 34 107 43 109 115 107 46 2 68 50 31 36 42 32 110 116 90 19 2 2 43 91 2 109 34 109 69 43 60 32 46 51 30 34 31 42 86 59 
75 107 34 46 13 55 11 89 97 10 41 116 32 63 56 60 48 73 70 52 0 19 89 21 35 5 106 94 12 102 113 117 50 109 65 117 117 117 117 87 110 115 117 117 117 117 117 117 117 117 117 49 117 117 92 117 117 11 32 115 88 31 117 117 117 112 98 91 117 53 110 117 44 68 117 86 77 103 23 81 
110 109 91 61 88 11 47 51 70 44 59 110 17 77 85 100 39 76 60 81 12 96 7 38 67 24 72 28 71 103 32 50 104 6 116 117 117 117 13 47 110 117 117 117 117 117 117 117 117 117 117 117 117 117 117 15 59 30 59 22 117 117 117 64 117 117 68 117 41 50 117 50 46 106 111 66 74 2 25 
2 88 32 114 115 5 115 110 87 69 44 114 31 36 110 47 2 30 23 109 10 68 110 46 59 87 27 11 13 69 19 94 23 109 36 46 91 113 60 83 59 47 68 91 110 114 31 109 47 36 31 110 13 107 42 57 104 75 43 59 23 2 69 68 87 34 43 43 95 43 30 67 82 87 43 82 49 114 
59 37 3 42 104 63 51 84 91 47 115 93 111 15 16 97 95 72 100 46 74 64 112 103 90 85 24 69 105 87 87 117 110 73 117 117 104 36 30 81 117 117 117 117 19 117 117 117 117 117 117 117 117 117 101 87 31 117 117 117 117 117 117 54 117 117 45 23 20 18 47 117 117 5 49 2 28 
69 47 80 92 87 107 50 2 81 89 43 31 82 89 31 23 107 27 14 115 115 11 23 107 89 47 34 32 7 15 34 114 11 42 46 78 65 94 2 23 68 91 31 69 114 104 68 47 46 96 109 107 115 20 33 103 68 11 107 31 91 13 89 96 31 91 105 59 47 74 43 50 36 109 83 50 
60 47 82 8 28 53 73 59 99 40 29 93 34 6 106 100 111 50 80 9 92 41 66 86 31 56 5 96 91 88 51 78 117 117 69 50 42 105 117 117 117 2 117 117 117 117 117 117 117 117 117 117 32 109 27 117 117 117 117 117 117 108 117 117 117 91 26 55 107 117 38 95 35 36 117 
32 89 100 59 76 37 48 92 13 25 94 10 64 90 115 116 30 44 62 75 61 49 106 8 117 97 104 23 117 45 117 22 66 2 87 47 71 117 117 117 117 117 117 117 117 117 117 117 117 117 117 47 96 104 117 34 11 117 117 117 117 117 26 117 104 15 112 110 117 52 117 105 104 14 
106 96 11 32 101 72 82 114 42 34 50 43 2 101 34 95 77 96 12 59 107 110 47 59 87 20 48 50 91 46 89 34 116 92 22 96 43 34 115 43 87 31 43 109 82 107 59 91 2 68 49 58 67 11 47 115 23 46 96 27 59 30 69 79 82 2 73 69 87 114 13 70 50 
107 36 96 47 86 101 42 82 47 42 11 31 34 87 39 89 2 115 23 115 46 42 2 13 38 62 34 23 91 96 13 75 84 28 50 89 82 109 110 107 43 31 89 101 104 30 96 87 27 59 105 94 11 23 30 69 104 46 36 69 89 107 66 23 43 19 109 34 30 82 33 50 
4 38 75 68 106 47 116 64 7 28 33 15 5 68 85 16 14 113 3 35 112 0 39 82 82 117 10 27 117 117 47 69 11 117 45 66 117 117 117 117 117 117 117 117 117 117 117 80 11 110 30 117 117 6 117 117 117 117 117 55 9 69 49 72 115 117 88 117 37 32 60 
77 64 110 41 24 61 105 111 26 9 73 95 11 15 113 114 18 35 3 39 33 83 42 109 78 54 38 44 30 32 109 27 52 76 79 117 84 67 117 6 117 117 117 117 117 117 117 89 59 68 117 117 117 117 117 117 117 117 117 117 82 117 102 23 117 117 75 106 82 117 
10 32 113 106 4 33 60 24 80 54 51 89 1 58 72 93 81 13 73 112 9 36 34 22 18 117 57 19 59 43 43 102 63 117 117 117 117 117 117 117 2 117 117 117 117 56 114 96 107 117 70 117 117 117 117 117 117 117 65 91 117 117 11 117 117 94 117 89 40 
47 57 32 84 101 48 39 62 74 79 50 76 85 93 100 71 67 5 21 98 36 36 110 111 40 86 113 50 114 47 3 54 117 88 109 51 117 18 117 53 117 117 117 117 117 115 36 36 117 8 117 117 117 117 117 117 117 117 82 117 87 2 117 117 117 4 69 117 
114 34 43 43 87 13 42 59 42 76 27 27 13 46 43 47 30 69 59 79 20 69 96 42 101 104 60 77 100 23 46 23 109 2 23 87 42 104 31 27 101 47 104 27 53 56 5 91 23 82 109 23 115 115 42 36 115 17 34 101 54 101 30 47 68 112 82 
62 75 29 4 103 76 24 1 91 26 87 77 112 108 7 65 30 79 87 46 21 117 86 36 54 110 68 104 117 117 39 117 117 117 117 117 111 117 117 117 117 117 84 89 50 109 117 97 117 117 40 117 117 117 25 117 47 117 117 110 117 5 117 73 46 117 
54 38 28 90 108 9 61 46 103 81 3 66 80 25 111 85 15 36 11 20 7 117 74 117 101 110 31 117 117 16 117 82 117 78 117 117 117 117 117 117 117 117 89 30 104 117 117 117 117 117 117 117 117 117 86 27 29 117 36 117 117 117 117 109 97 
39 105 20 19 64 80 115 87 98 24 92 63 5 79 35 117 50 115 1 28 3 104 112 82 2 36 117 55 117 71 117 102 117 117 117 117 41 57 117 117 117 46 101 115 117 117 117 117 117 117 117 117 117 117 109 117 62 59 117 26 117 117 69 86 
18 61 57 62 82 89 55 10 84 85 22 102 66 80 21 110 42 83 65 98 24 7 42 32 23 16 37 34 40 67 87 117 111 56 117 117 117 117 117 117 11 34 101 6 41 117 117 117 117 117 117 117 117 47 117 117 12 117 117 117 117 69 117 
37 17 20 9 31 62 1 38 65 88 116 27 92 0 13 50 3 76 75 54 25 59 109 30 85 117 22 49 117 8 95 115 117 117 117 117 117 117 64 82 59 101 117 94 117 117 117 117 117 117 117 117 110 117 104 110 117 117 117 66 43 117 
66 56 88 2 99 53 15 9 18 60 54 95 81 82 36 86 100 62 0 67 82 43 104 23 92 117 75 117 45 117 117 117 117 117 117 58 117 117 31 82 91 117 98 117 117 80 117 117 117 43 117 96 117 117 11 59 117 117 78 115 117 
116 71 31 65 86 64 22 61 83 4 28 14 31 50 54 41 112 8 3 2 50 50 26 117 117 63 58 55 117 102 117 117 117 117 117 56 100 101 50 2 117 117 117 117 117 117 117 117 117 117 50 117 117 13 40 68 117 25 46 117 
55 27 104 49 30 28 82 105 77 22 69 36 114 79 98 39 112 6 104 104 69 65 107 48 109 80 85 8 61 1 70 16 117 117 117 117 2 89 32 117 117 117 117 117 117 97 117 117 117 87 117 117 96 117 43 117 117 30 117 
107 108 15 73 21 20 103 64 18 52 43 42 105 49 25 113 92 23 96 101 83 33 6 4 117 28 38 117 117 112 117 93 117 29 8 96 34 114 117 117 117 117 117 117 117 117 117 58 104 117 117 82 117 117 117 91 101 117 
104 115 43 101 23 2 87 43 87 41 40 34 114 36 43 82 114 21 61 110 34 47 32 48 101 87 69 13 27 23 31 30 36 43 90 5 113 96 96 36 101 32 11 82 110 59 11 80 109 107 0 89 32 109 115 12 110 
41 60 12 14 66 105 73 61 89 43 58 42 84 64 29 104 47 13 78 90 53 110 37 117 77 117 9 117 117 38 117 57 48 42 91 96 46 117 117 117 117 117 94 98 117 117 104 117 117 68 117 117 117 117 114 117 
20 63 26 111 74 17 43 30 46 55 57 51 56 73 50 82 50 94 80 78 5 97 12 19 117 91 117 71 117 117 67 117 27 68 69 28 117 117 117 117 117 117 117 117 117 89 117 117 101 117 3 117 117 34 117 
81 62 45 9 12 54 31 104 59 87 23 6 57 42 115 13 86 36 100 44 106 117 22 4 8 80 117 63 117 117 117 46 2 23 117 117 117 117 117 117 117 40 117 117 36 117 117 101 117 117 18 117 47 117 
17 44 15 26 11 96 109 95 53 20 84 51 27 43 31 73 72 76 35 8 117 75 62 0 83 117 117 25 58 117 91 114 104 117 117 117 117 29 49 117 117 117 117 68 117 117 68 117 117 117 117 30 117 
39 48 7 16 107 23 5 24 53 12 85 59 46 87 19 28 33 45 15 117 93 57 117 79 113 84 56 77 117 13 27 114 117 117 117 43 99 117 117 117 117 117 43 117 117 69 89 117 117 117 104 117 
18 40 72 46 104 112 55 24 68 0 82 114 43 47 87 108 20 30 42 26 117 74 117 49 21 117 117 117 59 59 43 91 37 117 117 117 117 117 117 117 117 27 117 117 36 117 117 117 77 69 117 
36 13 47 82 25 56 10 85 49 110 82 2 40 75 97 7 29 103 16 113 50 99 38 37 53 98 0 27 101 42 101 117 117 35 117 57 117 117 117 117 32 117 117 59 117 117 117 117 59 51 
100 13 82 14 66 94 27 52 59 50 87 6 58 24 72 61 65 102 78 55 43 90 74 105 20 96 114 110 104 86 117 117 117 117 117 117 117 117 117 115 117 117 107 117 117 117 117 34 57 
47 42 66 88 80 38 58 42 27 43 84 3 90 18 47 29 103 53 41 73 17 22 44 37 57 96 91 107 77 117 117 112 117 117 117 51 117 48 91 117 99 46 117 117 117 117 87 93 
90 115 46 11 101 36 74 94 71 43 104 50 23 104 109 36 42 114 32 89 42 114 87 42 111 8 116 101 91 59 30 107 42 104 31 96 2 76 104 30 84 30 115 2 115 56 43 
96 47 114 42 87 98 103 47 2 36 34 43 107 69 43 107 13 23 36 87 42 69 110 100 4 45 109 27 104 31 43 109 96 36 101 107 25 2 110 37 34 109 69 42 19 89 
84 63 16 99 46 30 34 37 27 67 51 90 94 71 72 73 46 42 8 15 70 102 114 114 31 60 4 18 53 116 117 117 117 33 117 46 9 117 46 117 44 117 117 114 47 
68 9 21 69 91 115 99 48 81 96 4 63 112 44 17 3 35 117 31 0 117 115 32 104 95 79 1 117 47 26 93 117 113 117 30 117 117 27 117 117 117 117 114 117 
1 5 109 27 43 14 108 0 99 102 22 9 45 58 66 117 41 54 117 49 31 107 32 117 117 117 8 90 117 117 117 67 12 31 117 34 23 113 117 117 117 109 117 
11 107 2 32 17 10 7 100 26 18 108 51 48 81 77 79 37 25 88 114 96 31 15 33 99 61 60 117 69 73 117 117 50 117 117 27 28 117 117 117 50 117 
110 91 96 114 9 109 56 95 1 70 100 77 78 74 15 116 53 93 43 110 11 103 24 90 75 108 84 79 117 28 117 96 117 117 34 117 117 117 117 50 117 
70 5 96 50 43 101 23 89 96 107 101 23 2 31 23 11 2 25 41 33 89 109 34 96 46 43 30 89 87 47 48 36 87 106 96 91 43 83 62 110 
73 42 34 104 32 87 96 8 82 34 104 31 68 69 31 91 17 19 100 46 107 82 31 27 36 109 110 27 30 26 50 83 55 47 27 115 101 113 107 
69 42 115 114 69 101 50 87 82 87 59 31 50 87 13 26 52 51 13 110 110 110 47 110 115 2 69 2 14 43 101 18 114 89 11 104 81 104 
79 15 38 54 82 24 13 45 25 12 4 8 92 117 109 101 43 117 117 108 74 117 76 117 64 117 0 87 117 20 36 88 29 117 117 2 55 
85 25 70 6 51 86 71 14 20 39 97 69 115 110 32 101 116 74 84 93 67 16 18 22 23 82 46 17 117 31 117 117 117 117 114 117 
74 10 73 63 60 75 95 105 3 21 41 26 2 2 31 8 35 70 111 14 117 28 1 99 19 36 51 117 115 25 117 110 5 36 117 
6 116 28 92 108 22 106 14 11 39 12 30 87 43 1 26 64 15 113 37 57 17 84 10 115 58 9 68 117 117 98 117 104 117 
53 74 71 68 7 55 49 16 101 86 104 2 115 76 43 85 94 19 103 9 14 60 11 87 100 81 91 52 33 65 39 76 48 
4 112 106 33 62 71 84 76 98 46 114 89 93 39 44 20 70 61 77 21 83 90 87 10 0 59 92 49 105 117 107 117 
3 76 31 5 60 42 23 67 110 34 30 94 66 41 72 61 45 111 0 97 40 69 35 56 23 55 83 1 117 107 65 
66 39 88 97 110 108 1 69 59 107 20 63 22 90 73 80 116 16 105 28 13 75 89 43 0 25 74 19 89 117 
89 14 90 26 88 13 30 2 31 64 99 39 78 79 65 52 18 5 95 82 7 80 82 103 117 44 46 68 15 
8 0 67 1 29 96 87 27 92 54 21 65 9 62 16 58 44 52 89 97 116 66 17 10 93 117 114 117 
27 96 13 78 87 46 2 44 40 72 3 36 94 81 54 48 80 50 86 83 50 116 61 7 98 91 104 
19 16 76 13 27 91 45 75 65 28 24 82 70 88 1 99 115 106 25 31 6 18 17 117 101 112 
12 83 36 109 32 112 113 55 63 20 18 45 57 103 33 13 93 3 89 78 4 14 79 23 22 
103 82 89 47 35 85 83 66 17 44 33 10 22 110 34 21 73 110 49 100 62 84 36 5 
32 47 50 54 55 81 44 74 95 22 79 75 72 69 45 33 107 63 92 10 97 50 71 
28 22 107 32 87 34 96 30 13 115 87 30 33 109 13 4 11 13 109 96 48 34 
71 42 68 109 59 82 110 36 2 43 43 83 11 110 99 2 89 50 115 37 91 
23 11 34 110 107 115 109 32 2 87 93 101 109 102 13 82 96 115 26 104 
50 47 113 106 52 32 39 14 7 59 71 74 82 83 2 108 21 46 19 
53 45 7 56 71 19 81 93 96 3 21 89 65 102 90 88 30 16 
49 13 51 76 102 92 2 34 12 7 91 97 23 46 9 109 98 
0 79 110 4 56 21 82 62 70 89 38 104 100 76 107 64 
78 6 112 85 15 96 8 97 107 76 75 56 16 101 103 
11 90 66 35 107 19 12 114 98 28 40 58 27 3 
99 106 1 36 66 51 31 8 56 64 24 46 21 
63 103 64 56 61 110 42 37 29 108 114 52 
64 96 31 53 11 68 58 49 38 96 72 
46 73 8 47 70 67 111 100 89 76 
2 2 3 115 27 109 2 111 2 
113 11 67 70 16 11 82 61 
87 84 66 38 90 46 88 
43 91 109 115 90 69 
53 60 14 109 12 
97 99 82 30 
52 36 32 
23 45 
36 

