100 100
44 15 84 0 44 99 29 85 40 20 1 43 94 15 68 83 94 5 1 26 21 33 12 7 88 56 1 31 12 86 96 62 64 88 15 18 31 89 46 98 1 99 44 92 86 2 37 40 68 15 44 33 67 49 35 56 86 37 46 78 23 0 45 84 96 64 96 62 31 99 1 64 32 56 62 99 62 13 32 31 21 84 12 37 55 67 67 64 14 86 38 94 50 32 0 44 27 94 94 
19 1 47 11 89 1 6 83 40 53 31 8 5 87 99 16 99 52 69 50 91 36 35 7 39 22 23 100 100 100 100 57 100 100 26 100 0 74 33 100 27 100 86 77 85 100 100 100 100 100 100 100 40 100 100 100 100 100 100 26 28 87 70 2 4 81 30 100 100 72 66 92 42 29 54 9 87 51 18 38 20 10 48 59 64 43 26 88 15 14 78 68 97 21 3 86 75 60 
42 91 28 55 31 73 72 67 50 64 46 49 51 94 61 64 57 64 15 87 16 56 41 59 29 100 65 100 3 1 100 43 100 12 100 21 100 86 100 100 97 26 37 21 27 100 100 100 100 100 70 59 100 100 100 100 45 100 68 17 33 100 85 67 100 80 2 100 10 79 93 100 100 78 4 0 8 71 95 82 38 53 56 24 89 44 67 34 92 25 12 32 20 30 86 69 18 
70 72 51 56 10 35 59 39 37 98 44 92 38 34 12 68 3 9 74 22 33 69 95 97 24 100 89 91 100 100 100 71 35 100 87 100 86 55 100 100 84 4 33 100 100 100 100 100 100 8 31 100 100 57 100 100 100 94 100 33 100 100 100 17 50 100 82 100 19 100 100 27 66 21 64 79 0 75 41 43 28 68 77 80 37 26 7 46 18 88 48 5 40 62 36 47 
4 30 87 35 9 64 73 85 43 2 55 87 79 38 40 97 41 7 49 32 74 90 5 51 52 36 28 39 24 82 60 44 65 38 27 0 29 100 100 44 100 87 19 100 100 100 100 100 100 67 100 100 100 100 100 100 85 100 1 100 100 100 100 16 18 46 3 44 14 100 57 61 34 85 75 45 80 76 93 23 32 15 54 1 46 72 58 12 62 13 17 68 0 77 81 
47 26 62 53 96 81 1 77 58 79 32 50 35 63 20 54 37 57 68 95 76 82 9 100 90 42 75 86 92 61 68 100 94 100 56 100 100 100 99 100 67 100 100 100 100 100 100 100 96 100 24 100 100 100 100 96 100 78 69 66 100 100 100 100 100 13 2 18 100 16 6 70 78 45 74 23 51 25 56 0 52 39 13 84 65 8 5 87 59 60 17 86 12 33 
86 23 77 12 98 33 71 94 29 0 18 38 80 92 21 3 95 33 65 5 69 60 50 49 74 25 31 34 11 33 53 33 100 96 22 13 100 62 100 94 10 100 83 100 100 100 100 88 100 100 100 100 100 100 1 100 86 100 56 100 100 72 100 100 100 9 63 70 100 100 73 33 2 27 78 84 17 43 33 57 52 99 32 4 82 16 64 39 24 36 31 76 20 
64 40 33 31 7 85 21 94 41 26 73 99 0 1 40 33 47 64 46 59 26 99 26 67 88 86 85 87 23 38 92 37 51 84 96 1 48 86 17 35 84 78 35 40 68 84 4 38 88 15 62 94 68 18 85 27 84 85 31 0 21 64 35 62 85 86 46 56 94 64 97 84 46 44 99 35 46 43 56 32 15 30 38 33 21 22 67 88 94 39 56 26 
17 21 49 44 18 27 74 32 81 37 44 24 76 8 46 94 48 89 30 52 60 98 80 50 63 7 54 87 16 21 45 85 93 20 55 62 100 40 100 100 100 100 100 100 100 68 100 100 100 100 100 100 56 100 88 100 100 2 100 100 100 100 100 4 100 100 100 100 88 59 90 75 41 29 84 92 21 86 19 1 31 57 69 72 78 82 28 34 68 47 77 
40 7 99 82 34 84 86 56 31 26 5 30 89 68 88 62 69 3 98 37 95 64 63 71 87 31 56 45 32 18 62 66 100 20 21 100 1 75 81 100 100 100 100 100 26 100 100 100 100 90 100 15 100 0 100 100 100 100 100 100 100 100 36 100 100 76 74 60 94 43 51 93 52 39 19 62 13 79 32 21 61 22 54 78 24 49 4 21 8 25 
56 49 88 87 33 4 68 95 64 26 32 96 21 66 67 86 31 1 35 12 12 0 56 38 12 82 85 72 96 58 21 37 56 28 59 47 84 0 67 67 35 88 62 60 59 0 78 40 57 44 29 37 73 87 67 94 64 26 46 35 44 67 64 84 62 31 86 22 35 84 99 26 96 12 79 1 1 25 45 31 40 1 24 40 86 15 34 33 12 
86 57 72 70 37 29 94 95 19 28 60 63 12 30 22 43 88 25 79 40 100 89 42 100 33 100 99 6 21 14 100 100 0 100 96 62 100 100 3 100 100 4 67 100 100 36 100 83 100 94 100 85 100 100 100 100 100 38 100 55 46 100 100 92 100 71 56 41 16 47 90 61 58 0 18 66 86 33 52 11 21 88 69 8 91 33 24 9 
12 1 38 82 5 61 85 40 0 38 0 94 21 38 0 84 84 67 96 15 21 40 85 89 35 69 33 27 94 44 1 9 38 16 37 12 21 33 78 26 84 65 0 62 68 68 0 21 91 46 24 33 15 21 56 44 98 94 62 62 37 40 12 84 88 36 87 87 32 85 59 88 70 59 33 59 39 1 31 32 83 62 64 67 79 67 78 
45 48 26 52 21 75 28 7 53 9 88 10 6 90 49 17 47 11 22 96 91 70 68 100 46 42 35 41 100 100 37 50 12 100 100 100 100 100 100 100 31 4 100 100 100 100 100 1 89 87 100 27 100 100 100 100 100 100 100 100 100 100 93 100 78 66 58 97 100 14 73 40 3 81 33 31 29 61 92 44 83 63 39 0 2 34 
93 96 97 99 50 60 8 70 52 21 9 24 66 92 29 81 7 83 39 19 47 1 89 32 77 26 90 100 41 0 100 99 100 100 100 100 100 100 100 15 100 100 100 100 100 100 38 100 33 22 100 95 100 100 100 42 100 100 82 100 100 100 25 88 100 100 14 30 4 46 26 17 63 86 85 6 54 71 99 65 40 51 62 91 28 
15 7 84 94 61 53 39 65 26 19 2 99 73 90 41 89 98 64 20 13 46 56 78 75 35 28 4 91 59 49 46 85 66 30 100 100 100 21 96 100 100 100 100 100 100 56 42 86 100 100 100 100 100 100 100 18 100 100 100 100 36 83 86 100 100 54 43 5 25 68 10 6 56 15 50 80 60 40 71 1 47 78 59 69 
21 58 46 59 64 67 31 77 0 21 46 38 31 87 86 68 84 0 96 93 99 17 37 6 99 68 40 45 15 8 15 96 56 12 68 85 88 27 59 40 26 84 56 46 75 40 99 35 78 68 88 35 35 99 67 85 96 96 85 31 38 42 56 85 46 0 44 46 3 67 86 48 90 31 1 56 51 0 88 85 71 38 37 
56 49 76 6 48 78 0 25 19 13 17 45 82 10 51 27 89 100 1 11 46 47 44 100 100 72 67 100 86 100 100 23 66 100 96 100 62 41 100 100 74 100 100 85 100 99 100 100 100 100 100 92 100 100 100 100 100 100 100 100 33 73 100 71 100 100 57 46 14 53 1 35 77 30 95 87 28 55 90 86 20 24 
64 12 99 35 67 26 88 68 37 31 56 85 26 35 84 32 44 97 64 93 94 28 88 44 64 71 68 14 21 15 56 67 88 59 94 75 85 15 87 86 26 62 36 32 55 85 87 21 32 87 78 15 44 40 44 78 15 37 87 2 87 96 26 85 56 56 76 59 87 10 80 46 59 26 63 44 56 31 6 0 64 
43 60 83 98 62 11 65 70 16 77 30 20 19 87 31 90 46 4 67 10 85 35 69 34 59 100 85 39 33 100 100 76 100 47 78 100 6 100 79 100 100 21 100 94 100 97 100 100 100 100 24 100 100 100 100 100 100 81 99 3 100 61 100 100 18 32 23 84 0 67 100 55 8 31 58 2 38 56 17 71 
89 55 10 32 22 88 71 13 9 6 52 7 85 68 34 94 90 84 11 62 51 67 16 94 45 1 72 79 39 91 93 36 100 96 100 100 100 100 100 100 40 100 38 100 100 100 100 100 100 100 100 100 50 100 100 100 100 40 100 100 100 58 100 1 44 66 49 59 68 18 70 29 87 74 75 82 0 23 27 
35 34 78 2 10 98 45 51 17 58 93 59 77 4 67 14 44 57 38 24 88 70 37 27 1 36 61 71 82 75 100 100 38 63 84 100 100 100 5 33 100 99 100 100 100 69 100 100 100 100 100 100 55 100 100 100 0 100 100 100 100 87 13 84 100 100 88 96 66 91 20 1 18 43 16 96 29 3 
51 0 46 79 24 71 81 77 88 54 2 93 16 68 59 78 13 21 6 29 23 1 9 33 47 36 82 26 31 66 92 0 40 80 65 50 100 100 15 100 46 100 100 100 100 100 100 100 100 100 100 100 100 58 100 46 100 100 100 100 100 63 78 61 27 87 62 43 100 100 94 25 45 73 56 100 72 
31 13 18 83 66 61 93 45 74 7 30 38 56 28 56 4 56 3 64 39 64 47 86 58 69 79 89 72 73 75 1 60 43 100 91 100 23 99 100 88 100 81 100 100 100 100 100 100 100 100 100 100 100 48 99 100 100 100 100 100 100 32 100 0 99 94 100 77 100 88 76 41 24 86 53 96 
56 35 56 37 59 38 88 21 87 56 62 81 78 9 26 36 40 56 99 49 0 76 0 78 12 33 88 59 38 48 68 33 67 15 68 0 60 12 43 62 1 44 35 44 56 87 37 94 87 15 99 78 88 19 96 59 99 59 85 99 42 84 62 58 46 86 1 44 61 12 37 64 30 86 38 
66 63 54 82 14 39 72 45 49 18 96 42 56 81 33 91 6 73 40 28 88 20 4 98 17 27 83 100 64 3 100 100 61 100 100 12 100 26 16 100 100 70 100 100 100 100 100 100 100 0 89 100 99 100 100 100 100 80 100 21 100 100 67 96 94 60 100 87 93 47 57 15 100 55 
75 64 53 73 82 43 15 71 20 21 52 99 55 78 58 23 17 46 60 99 80 51 49 97 100 7 16 44 91 30 100 100 100 83 40 13 84 100 100 100 100 100 100 93 8 100 100 29 100 100 100 38 100 100 100 100 100 100 86 42 100 12 35 100 100 9 56 56 92 54 24 81 41 
11 48 54 2 36 60 73 23 56 72 94 17 85 81 80 42 38 95 44 6 49 4 25 74 52 40 32 100 100 100 76 100 100 26 100 78 100 100 100 100 100 100 100 100 100 100 100 100 100 100 64 100 100 51 100 100 100 38 34 100 84 94 92 100 100 33 100 89 27 44 14 91 
55 34 93 80 74 61 69 67 7 37 41 59 96 22 62 78 5 44 25 40 10 95 70 90 89 46 30 72 6 48 79 97 67 20 62 100 100 100 100 100 100 100 100 100 100 100 100 100 2 68 100 100 100 8 100 83 94 100 100 94 37 100 100 100 40 100 18 14 35 100 100 
24 34 49 16 13 63 62 92 38 32 99 97 72 79 87 89 12 69 14 73 36 95 20 54 78 5 85 42 98 8 71 56 93 31 100 100 80 7 83 15 100 66 100 91 76 100 100 100 15 100 100 100 100 100 100 38 100 100 78 56 100 100 100 88 100 11 96 32 100 100 
55 70 69 63 83 88 75 68 44 56 60 52 9 40 71 12 13 5 72 20 2 42 10 99 38 53 74 11 91 100 85 19 88 39 16 100 43 100 66 65 22 45 100 100 7 100 100 56 100 100 100 100 100 100 40 100 100 32 56 100 100 100 85 100 3 100 88 100 100 
77 19 35 30 86 27 68 60 84 49 79 69 15 75 12 18 98 54 83 81 22 24 62 8 63 21 66 47 48 33 50 12 100 41 23 97 100 100 100 71 100 100 100 100 57 100 33 100 100 100 100 100 100 68 100 100 37 21 100 100 100 96 100 72 100 85 100 90 
55 27 81 26 44 99 69 67 34 90 38 62 65 62 96 41 48 64 42 11 23 67 16 52 89 82 53 20 44 100 44 12 30 47 2 45 29 57 100 100 100 100 100 100 100 33 100 100 100 100 100 100 67 5 100 67 31 100 100 100 15 10 97 100 62 100 100 
3 88 62 61 67 54 31 11 75 98 94 97 44 91 47 52 8 6 23 5 59 58 29 43 100 76 42 24 10 56 77 18 14 9 34 100 100 100 90 100 100 49 100 100 46 4 36 100 100 100 100 35 100 100 67 56 100 100 100 32 100 100 0 56 100 100 
45 33 55 46 12 96 37 15 6 56 29 35 4 52 50 98 48 53 95 26 36 90 24 58 69 79 62 23 96 2 28 100 10 100 84 100 100 100 100 57 100 100 100 59 100 100 100 100 100 100 94 100 100 35 12 100 100 81 59 100 100 100 56 100 100 
99 25 37 72 96 57 98 12 35 39 67 52 29 76 27 8 79 7 0 46 51 9 2 65 82 26 74 33 100 14 92 55 100 48 100 100 100 41 100 100 100 100 99 100 100 100 100 100 100 68 100 100 1 38 100 43 100 40 100 37 100 35 100 100 
46 57 59 39 12 21 46 61 15 11 37 62 44 32 94 32 68 37 85 0 32 32 96 15 92 44 95 96 1 26 99 35 68 96 67 88 78 88 78 94 59 79 31 32 26 35 96 44 50 94 1 47 38 44 37 12 36 67 26 44 90 46 21 
68 19 44 13 93 5 32 76 38 41 91 43 69 33 95 74 56 50 12 51 96 36 24 94 54 85 100 22 63 100 100 6 29 100 100 100 100 73 97 100 0 100 100 2 100 100 100 62 100 100 86 87 100 100 100 68 57 77 100 94 100 87 
78 34 12 40 37 64 68 39 31 84 26 31 35 87 68 2 96 64 31 42 78 78 24 15 8 94 67 38 56 67 56 86 94 44 85 94 87 33 78 80 62 62 35 64 64 94 20 67 68 5 22 33 0 62 54 87 84 67 53 99 84 
78 5 76 58 1 70 87 93 97 3 99 23 14 22 26 20 83 2 39 89 9 21 82 35 88 100 100 100 48 73 100 63 84 100 100 100 100 100 35 100 100 100 100 100 100 64 100 100 15 56 90 100 43 64 100 100 100 56 100 100 
12 26 64 90 85 89 1 15 94 78 64 12 78 41 32 84 84 68 32 33 30 99 53 46 78 44 15 1 46 59 87 84 40 67 21 21 12 65 88 85 85 99 94 64 80 0 67 3 95 85 0 78 75 15 35 1 73 35 0 
32 25 87 86 15 53 48 2 7 20 74 39 33 79 76 95 16 61 12 46 18 46 98 63 10 73 100 72 100 9 100 77 100 8 100 100 21 100 23 100 100 100 100 99 100 100 68 37 100 100 100 37 100 100 100 38 100 100 
18 12 43 86 8 92 36 24 66 30 63 44 54 65 49 42 16 17 12 51 64 82 100 50 47 61 100 41 100 74 100 100 11 100 100 94 39 100 100 100 100 100 0 62 100 85 26 100 100 100 35 100 100 28 84 73 100 
33 74 78 22 19 66 14 77 28 45 21 87 48 50 13 57 43 96 59 85 95 49 53 11 35 47 36 80 75 51 100 100 100 100 12 71 100 100 100 100 100 37 100 100 40 33 100 100 100 44 100 100 100 15 40 100 
78 58 35 44 31 44 40 31 32 68 31 64 38 31 99 87 77 15 50 99 15 96 78 40 68 37 33 26 64 62 96 68 54 82 68 78 33 86 64 31 81 96 40 18 42 5 0 15 8 88 12 86 52 37 1 
12 23 22 81 73 41 58 19 32 33 82 13 51 3 92 68 53 59 7 80 66 6 98 61 30 100 72 25 91 100 100 17 59 63 100 100 100 36 100 62 100 59 99 12 100 64 56 26 100 100 100 32 100 100 
46 68 12 46 59 85 40 74 46 44 15 15 85 94 80 68 4 78 64 78 21 40 59 1 40 67 94 62 62 33 88 73 94 35 99 33 62 78 10 37 1 31 82 88 62 88 48 31 86 31 54 67 46 
78 40 65 82 61 26 38 42 79 76 63 24 29 21 73 33 55 45 3 49 51 100 54 74 50 100 14 9 2 100 62 100 100 100 100 100 100 40 28 57 88 1 100 100 100 40 100 100 100 35 100 100 
11 80 63 86 55 21 90 18 53 85 87 34 37 70 56 71 72 39 23 10 95 60 58 100 100 25 74 100 100 35 100 73 100 100 100 100 37 100 100 26 99 28 100 45 88 100 100 100 1 100 100 
74 88 0 93 67 17 28 20 7 97 16 85 96 64 25 65 89 100 41 24 47 61 80 34 8 45 63 100 99 57 53 100 19 100 100 78 100 100 44 38 100 100 100 0 100 100 100 78 100 100 
71 29 51 86 93 39 30 75 5 49 33 92 37 28 70 57 4 76 54 9 52 47 6 22 100 43 90 87 11 19 100 100 100 37 46 100 100 46 78 100 100 100 35 100 100 100 21 100 2 
62 50 1 9 73 29 80 17 19 46 52 78 10 55 15 90 97 11 79 51 16 43 34 14 92 47 0 100 100 57 5 53 100 85 100 91 46 56 100 100 100 87 100 100 100 64 100 100 
35 94 84 70 91 55 98 81 86 71 64 3 47 51 46 4 10 48 65 34 100 93 13 69 43 87 25 49 76 15 100 100 99 100 100 85 87 100 100 100 21 100 100 100 44 100 100 
0 25 17 82 77 12 91 46 9 68 90 98 28 72 52 14 53 73 27 83 11 97 79 1 59 58 100 87 100 100 100 35 100 48 32 37 100 100 100 0 100 100 100 78 100 100 
62 67 35 68 31 40 97 68 13 78 0 44 32 68 68 85 21 44 67 85 78 44 94 9 94 40 85 12 87 31 11 38 68 93 25 84 86 15 80 1 33 94 87 85 32 
62 34 81 1 18 31 64 78 43 53 19 52 73 55 89 57 97 72 66 28 23 10 56 92 65 77 13 49 29 59 100 14 56 40 100 100 100 68 100 100 100 12 100 100 
61 20 4 47 12 56 62 60 95 93 16 13 75 66 36 14 22 38 25 100 37 31 69 81 100 89 92 41 35 100 45 86 32 100 100 100 68 100 23 100 64 100 100 
5 23 10 26 55 88 48 58 79 80 1 90 8 60 81 52 85 100 27 97 31 83 100 94 100 11 14 1 100 100 62 87 41 100 75 0 100 100 92 88 100 17 
29 41 32 47 87 45 9 18 14 8 71 83 30 17 73 3 70 28 22 37 100 100 53 100 90 34 88 100 25 37 78 69 100 100 35 100 100 100 68 100 36 
2 38 22 96 80 34 40 20 56 25 50 6 10 74 27 95 13 58 15 48 42 72 44 19 100 33 88 100 33 26 70 33 100 67 100 100 46 12 100 100 
37 14 31 65 69 87 57 11 27 13 100 22 7 50 75 4 100 1 52 100 67 100 100 100 46 100 8 96 44 88 25 28 56 100 100 80 99 66 100 
59 19 85 32 46 35 88 38 62 35 62 94 87 78 26 62 3 99 38 62 38 88 0 14 84 37 11 65 15 88 44 41 59 78 1 70 1 0 
44 41 5 72 100 65 35 25 34 77 8 60 91 98 3 15 61 95 30 79 58 7 68 29 100 37 12 100 100 100 33 49 6 100 86 100 100 
38 84 67 56 12 62 68 31 64 87 33 56 96 12 41 67 40 96 94 0 0 22 56 40 90 60 96 40 68 11 59 46 62 74 26 96 
24 31 37 74 23 26 53 76 58 18 63 83 8 44 56 4 36 34 97 17 12 81 94 15 44 35 49 14 21 19 38 20 15 100 100 
74 25 54 52 61 79 89 20 71 60 96 77 37 19 48 83 57 82 36 78 93 7 85 78 13 17 50 64 8 100 100 15 100 100 
96 5 13 59 38 78 60 86 6 65 69 33 34 8 27 42 99 71 40 82 61 78 32 25 83 77 96 70 98 48 44 30 16 
53 74 51 85 87 27 78 68 91 63 21 65 66 3 77 95 82 85 30 50 32 40 36 56 94 1 29 42 76 46 28 98 
17 18 2 58 32 0 66 60 57 37 28 92 7 3 75 27 37 6 87 87 59 91 9 90 35 43 93 99 99 70 22 
43 28 5 42 53 98 8 16 85 77 76 82 49 7 97 56 80 34 85 46 58 4 19 88 45 83 100 12 89 100 
16 63 17 49 81 22 76 59 0 70 92 14 45 74 78 20 71 40 99 97 39 58 0 100 32 19 15 11 100 
37 96 75 86 50 46 94 27 91 44 45 48 5 38 39 76 37 46 19 12 4 33 77 95 81 32 7 70 
15 6 30 18 92 68 95 69 20 91 51 3 1 60 98 67 37 54 99 73 64 64 61 25 1 48 57 
23 89 24 98 38 36 1 5 10 54 95 86 26 28 38 84 48 19 55 33 3 76 70 59 71 4 
69 51 41 21 30 39 13 72 65 24 12 36 47 96 35 95 20 17 85 98 52 63 99 80 89 
53 39 31 62 52 65 21 55 61 56 43 51 26 33 80 72 42 32 34 54 77 94 3 93 
80 46 29 5 42 75 41 45 99 85 16 99 87 47 52 76 94 81 67 71 86 72 10 
62 54 44 19 11 29 55 99 79 5 0 78 93 27 61 38 14 65 18 62 42 6 
94 38 1 1 33 62 83 1 12 6 62 87 87 84 76 68 86 68 75 59 67 
60 88 50 37 38 99 21 22 85 0 81 6 7 21 55 78 97 88 9 14 
29 97 79 6 1 54 83 88 68 2 13 3 15 30 25 7 56 21 11 
70 63 50 26 45 17 33 85 55 59 22 44 91 56 11 64 98 39 
9 16 33 69 23 96 87 98 53 46 40 95 4 60 32 65 54 
52 96 71 13 44 46 76 16 23 12 66 57 2 40 6 50 
87 75 30 78 15 20 10 49 26 42 70 93 56 22 65 
99 38 52 91 46 35 85 15 33 67 21 19 32 0 
65 12 78 63 48 47 31 90 0 8 87 92 97 
86 31 11 21 24 12 85 29 10 12 44 58 
16 21 44 38 77 26 37 31 41 31 87 
85 68 0 79 33 1 86 83 99 0 
3 53 31 16 9 89 21 0 74 
66 94 2 84 42 21 93 5 
87 86 10 37 38 63 83 
68 87 62 9 67 86 
62 23 94 51 73 
85 35 88 7 
37 58 75 
84 1 
61 

