100 150
78 86 72 62 28 80 22 35 85 77 26 98 65 76 45 16 122 13 10 108 66 121 149 21 114 20 36 83 110 142 113 107 55 19 150 60 150 150 150 150 150 126 143 150 150 150 150 150 150 150 43 67 150 99 150 150 150 150 150 150 150 41 150 118 150 80 50 97 136 29 128 148 75 57 72 91 61 46 1 88 12 54 18 117 4 144 120 31 17 82 3 99 48 101 125 53 111 37 30 
104 137 137 25 138 18 97 98 76 107 3 131 59 66 123 40 76 23 45 143 74 109 17 1 102 88 43 91 86 26 6 67 147 27 148 37 150 89 29 150 150 150 150 150 150 150 150 150 150 63 150 150 13 150 118 150 150 44 150 150 76 150 150 150 106 112 150 150 116 39 55 32 16 71 20 34 22 62 136 127 149 5 4 52 83 117 93 28 2 146 35 57 61 96 81 141 9 49 
71 77 43 72 127 111 18 125 92 47 102 85 15 98 110 94 111 1 37 146 121 80 77 26 122 107 94 33 22 70 83 91 113 53 74 106 101 88 34 67 129 108 150 150 150 150 150 150 150 150 150 76 150 150 150 150 150 150 150 138 150 150 150 6 4 150 24 9 28 0 61 30 35 52 95 25 77 79 60 100 49 14 58 31 20 99 147 10 44 94 144 66 76 112 62 132 145 
90 111 112 133 10 124 123 35 38 64 94 1 124 72 0 121 141 137 89 64 90 53 137 10 141 124 72 141 137 89 89 87 21 99 13 21 59 13 133 1 72 64 125 41 89 10 59 90 90 71 115 114 72 89 71 137 124 124 149 41 124 23 140 138 41 41 41 71 104 41 99 8 8 62 76 146 104 41 139 90 137 38 133 137 138 80 111 38 135 35 111 137 90 119 94 124 
64 85 138 90 89 57 106 76 59 72 106 138 76 115 9 90 87 87 8 76 125 90 99 41 74 80 124 104 71 77 132 10 35 133 59 59 80 71 111 106 124 132 124 72 23 137 106 23 133 127 62 77 137 124 35 59 124 55 94 21 89 45 106 64 76 59 10 71 23 23 118 8 138 111 119 99 1 6 80 132 62 94 125 132 13 13 138 56 76 138 133 125 122 45 104 
8 13 21 110 87 53 134 27 140 93 22 128 38 138 91 101 46 18 98 99 77 69 142 85 108 49 62 47 79 48 15 50 150 150 150 150 150 150 150 150 150 12 150 150 150 150 150 150 76 150 150 150 150 150 150 150 132 150 150 150 124 68 29 92 51 147 117 120 19 133 148 57 131 111 105 55 63 72 2 56 90 6 116 107 109 11 137 45 123 121 75 114 104 61 
125 62 77 34 38 71 77 106 87 114 125 42 49 38 90 35 76 90 54 137 71 13 77 89 99 77 125 41 13 10 71 114 104 87 125 141 132 1 35 87 90 87 72 62 137 124 23 37 137 35 99 132 71 139 6 32 114 76 1 43 62 111 99 72 59 6 89 59 27 64 8 137 29 137 80 89 90 23 8 71 38 13 6 76 90 97 87 89 21 62 60 13 41 
139 29 90 142 143 101 74 34 129 15 10 41 69 94 115 52 54 111 64 24 148 75 11 78 102 150 56 19 103 150 150 61 23 150 85 70 150 150 72 150 150 150 150 150 150 150 87 150 0 150 150 150 150 150 13 150 136 150 59 77 150 150 150 100 3 119 89 1 118 20 117 41 67 91 36 82 68 33 98 12 113 47 62 88 99 109 149 42 79 8 96 126 
79 13 69 100 142 129 54 44 127 41 6 95 135 81 101 14 23 0 39 136 146 144 149 109 58 106 148 7 31 28 98 150 107 117 65 150 150 150 118 150 150 150 150 128 150 8 150 150 150 150 150 150 150 104 150 150 150 124 61 150 150 150 150 88 40 77 10 120 96 150 99 86 2 147 75 30 141 131 46 78 56 63 4 90 20 85 116 92 94 130 37 
41 105 53 127 36 9 34 140 77 10 84 14 2 59 19 125 78 112 30 0 129 50 7 22 28 144 83 108 80 64 26 109 31 82 54 86 150 150 150 150 150 150 150 150 111 150 150 150 150 150 150 150 76 150 89 150 87 150 24 150 150 150 74 11 43 8 25 55 150 137 68 117 15 51 45 146 121 5 57 122 49 12 89 137 1 88 143 35 148 46 
59 59 6 137 23 64 106 68 5 38 106 64 94 138 24 71 13 35 90 64 59 90 89 133 94 137 76 99 23 90 77 104 6 138 125 90 13 132 41 138 1 90 8 65 141 10 138 6 80 76 114 84 23 125 104 39 1 59 21 8 80 104 6 99 36 99 106 38 100 35 114 80 80 94 38 139 133 59 87 139 41 146 21 59 87 99 31 8 35 
89 100 131 35 124 74 13 111 75 103 79 91 43 125 1 68 126 49 112 104 98 39 11 129 52 136 115 145 150 150 150 150 150 150 97 135 143 20 150 5 150 67 76 150 150 150 150 150 16 150 35 150 150 150 72 150 150 150 14 150 150 57 4 62 60 36 150 99 149 84 148 45 32 31 19 58 77 40 78 6 1 65 70 127 30 132 114 85 
66 114 79 58 18 106 8 9 91 59 54 7 23 82 116 33 117 12 101 16 102 75 40 24 85 43 62 123 32 34 46 42 150 150 150 110 150 150 84 150 150 99 150 150 150 39 150 150 150 132 150 150 150 94 150 150 150 49 135 31 150 126 35 103 112 150 72 144 150 125 4 136 129 29 71 28 15 93 50 99 22 48 83 130 23 26 149 
29 51 49 39 132 21 7 123 23 129 94 106 144 16 61 134 128 133 143 120 3 69 117 145 96 132 31 121 9 141 13 150 150 150 150 150 150 150 150 150 8 150 150 150 150 150 150 150 10 150 150 5 138 150 111 150 150 150 98 150 24 125 122 64 150 124 40 34 58 136 95 44 45 107 63 11 119 32 23 73 26 48 55 114 126 14 
62 144 51 77 99 27 19 16 88 53 132 22 95 67 122 2 18 111 41 7 50 93 20 139 69 9 28 33 136 109 11 25 150 34 58 116 150 150 150 114 108 150 150 118 150 150 150 87 150 150 115 138 150 150 150 150 150 150 150 150 77 98 52 150 90 150 48 150 148 105 102 126 112 127 103 5 86 72 42 57 14 121 94 17 73 
57 13 132 6 147 136 67 50 3 111 7 40 36 69 100 6 52 97 108 82 96 39 121 137 17 116 53 60 41 63 150 49 150 12 150 150 150 145 10 102 127 150 8 150 33 134 10 150 150 150 137 150 150 150 150 150 150 150 130 21 105 150 83 8 150 150 150 31 135 70 37 22 0 5 114 92 106 128 30 112 129 59 133 99 
92 111 76 41 23 137 93 126 132 147 89 118 141 115 84 19 7 47 100 145 75 78 37 107 69 68 36 51 131 4 73 116 46 150 150 150 31 10 150 150 150 150 150 150 150 80 150 150 150 124 150 150 109 150 150 150 150 150 76 11 150 140 87 142 150 150 9 79 86 5 91 97 101 17 135 94 43 105 149 20 8 81 88 
138 133 43 114 3 46 6 13 105 52 78 28 116 88 4 57 109 33 2 102 95 65 36 64 143 56 73 118 150 14 150 44 61 150 107 22 41 150 150 29 150 150 150 150 89 150 150 150 41 150 150 150 150 150 150 150 150 1 85 150 150 23 150 150 150 96 60 83 81 134 145 31 25 93 87 142 112 10 69 132 101 119 
69 8 64 111 8 80 129 72 138 141 100 106 64 114 38 139 1 137 41 133 35 76 71 62 64 10 106 41 138 8 41 72 89 8 71 86 138 139 99 133 62 87 111 56 124 125 72 17 114 125 111 59 90 6 35 138 9 90 23 21 40 90 99 90 87 89 71 132 71 41 125 94 72 82 64 10 71 41 74 38 64 
76 137 132 139 62 36 8 13 41 137 111 99 132 138 94 141 1 1 21 71 76 21 138 94 59 104 124 133 99 111 141 1 1 8 88 133 1 62 6 114 114 132 26 35 62 125 42 99 64 104 35 90 59 13 132 58 111 125 59 47 23 62 99 132 35 104 10 139 13 62 59 89 105 10 13 80 62 131 72 64 
32 143 73 134 38 117 42 113 145 3 82 140 16 89 85 14 15 79 36 4 128 83 28 97 51 18 119 150 150 87 72 150 107 23 142 150 150 150 150 150 150 99 150 150 150 6 150 150 150 150 150 150 150 150 62 66 150 150 133 150 150 55 81 19 65 103 29 10 130 60 120 138 68 78 146 116 13 124 5 
21 128 88 13 33 81 50 74 59 83 134 35 132 55 70 117 22 25 139 120 127 4 102 18 98 48 73 131 17 40 84 150 125 150 54 150 150 150 150 150 13 107 150 150 21 150 150 150 150 150 150 10 150 76 150 150 150 38 150 150 79 85 150 47 150 93 56 119 122 118 114 126 49 78 8 80 113 144 
95 24 13 63 96 84 18 49 40 14 128 135 36 44 60 61 82 8 88 108 98 118 73 37 144 66 150 150 92 150 150 111 150 150 150 150 12 150 103 72 150 150 150 139 130 150 150 150 150 150 150 102 133 150 150 150 62 150 20 150 117 120 48 147 150 150 116 0 34 125 32 55 131 127 138 57 75 
97 41 133 80 26 123 140 7 132 15 118 12 19 55 75 40 43 87 148 21 115 10 103 126 83 84 92 48 127 0 59 143 120 34 150 107 150 150 72 99 150 150 89 150 150 150 150 150 150 150 150 72 150 150 150 94 150 150 150 110 122 5 150 146 150 96 57 45 90 58 134 111 51 64 20 108 
8 99 46 65 148 51 79 89 135 82 30 12 42 100 130 101 23 44 48 81 115 119 102 117 27 70 15 150 96 104 26 150 150 129 150 93 150 59 110 150 150 87 150 150 150 150 150 150 150 150 125 150 150 56 111 150 150 150 150 140 57 150 150 123 22 116 73 138 69 91 11 85 77 0 58 
89 133 138 89 21 137 106 64 21 21 8 6 10 114 133 104 21 8 138 23 38 72 13 76 125 80 71 99 145 89 41 80 77 106 10 125 49 141 139 77 70 35 94 10 77 89 62 137 80 65 87 72 141 12 139 23 41 1 89 87 132 89 139 64 8 89 73 23 133 6 106 115 87 38 
126 48 15 54 75 145 91 70 3 80 90 4 13 60 103 74 62 29 2 84 107 41 37 93 49 76 118 8 79 16 28 68 19 12 114 141 148 150 150 41 150 150 150 150 150 150 150 150 138 150 150 150 133 150 150 150 150 150 150 150 53 130 57 150 27 94 136 131 50 128 59 24 51 
119 57 48 23 129 66 73 110 102 83 33 86 2 51 70 109 148 85 138 136 44 19 150 91 45 58 111 150 63 150 150 150 150 150 106 150 150 149 72 150 3 150 150 150 26 150 94 64 150 150 18 1 150 150 150 150 150 150 53 150 14 150 32 15 114 140 74 147 100 106 82 93 
58 95 53 5 27 102 77 55 120 8 51 134 66 131 96 22 79 143 92 13 9 121 34 73 75 80 63 145 93 37 3 146 150 137 25 150 7 89 150 150 150 150 150 150 150 38 111 150 150 150 8 150 150 150 150 11 150 150 150 32 150 70 24 41 52 12 19 28 138 47 130 
43 62 87 46 104 131 11 17 108 113 34 67 105 7 129 56 109 142 53 54 14 3 42 48 62 120 140 150 66 101 150 116 80 73 150 150 124 150 150 150 150 150 150 150 150 114 150 150 150 38 150 150 150 150 150 150 150 150 68 150 36 103 72 107 135 60 118 139 63 59 
65 118 31 63 145 126 113 73 30 56 24 37 45 99 36 134 110 15 127 130 105 61 42 133 32 38 7 150 0 55 41 10 150 150 150 59 150 60 150 150 146 150 150 150 23 150 150 150 21 107 150 150 150 150 150 120 150 143 83 44 150 104 150 79 150 25 133 150 68 
28 110 137 46 39 0 66 68 74 43 14 134 11 77 102 115 94 109 129 132 91 61 114 19 15 86 24 4 116 150 139 150 150 1 94 150 150 150 70 150 150 92 136 41 150 150 150 111 63 150 150 150 150 13 150 141 150 150 150 42 114 150 51 52 144 64 125 47 
119 55 53 27 112 32 35 3 44 96 8 92 84 127 60 126 22 31 25 95 103 99 117 51 110 75 67 86 105 38 59 20 130 89 45 150 65 150 150 150 150 150 23 150 150 150 87 150 150 150 150 150 150 150 150 150 150 37 150 114 150 88 150 66 72 48 142 
78 89 54 100 70 134 122 146 84 9 131 139 69 51 74 101 145 147 3 94 138 42 115 118 19 109 14 149 62 96 30 8 21 103 87 150 150 150 33 150 150 1 150 150 150 8 150 150 150 150 150 150 150 150 150 150 88 150 104 150 0 34 56 62 76 86 
32 115 54 52 126 13 30 65 142 18 116 105 146 9 39 112 86 15 110 80 149 40 119 81 93 67 53 72 5 0 150 64 150 107 150 95 150 10 150 150 71 150 150 150 137 150 150 150 121 150 150 150 150 150 150 150 61 21 150 31 150 150 23 150 60 
121 135 5 123 120 41 75 149 60 97 92 105 59 29 124 93 28 66 114 81 104 58 16 47 150 45 6 83 101 150 124 38 35 150 150 126 150 150 150 99 150 150 150 35 150 150 150 150 150 112 150 108 150 150 150 150 64 7 150 150 2 72 150 20 
58 31 18 112 50 0 147 30 48 74 140 20 73 78 95 47 16 64 56 92 149 138 5 29 4 141 46 120 146 35 135 75 43 150 79 150 105 150 87 150 150 127 89 150 150 150 64 150 150 150 150 150 150 150 150 141 150 150 150 150 59 150 150 
34 19 32 33 47 2 66 140 22 24 11 123 79 149 63 144 38 41 109 137 96 53 43 131 106 130 52 97 76 65 119 143 107 114 150 150 148 13 150 134 150 124 150 150 150 150 150 150 150 150 150 150 150 150 72 150 150 150 150 124 150 16 
144 128 111 82 119 143 142 63 117 147 7 83 81 113 45 125 17 3 46 11 10 110 29 38 60 140 107 6 150 92 84 1 67 150 150 150 76 150 54 103 76 150 26 123 150 150 150 150 150 150 150 150 150 13 13 150 150 150 132 56 120 
81 46 45 15 70 88 10 96 146 79 2 78 147 20 138 140 105 121 80 27 92 17 72 44 66 116 72 73 9 127 52 150 150 84 150 59 150 150 150 124 56 125 150 150 150 150 150 150 150 150 150 150 1 150 150 150 122 111 150 150 
115 71 105 110 25 38 28 69 145 68 50 144 51 89 99 44 135 67 98 18 126 124 91 86 27 76 75 11 49 92 118 39 150 150 13 150 150 149 72 16 150 150 19 150 150 84 150 150 150 150 113 133 150 150 150 150 21 150 150 
134 68 53 37 108 57 123 110 100 11 122 137 125 91 58 14 70 118 22 26 72 2 75 84 133 7 113 12 132 3 150 150 42 99 150 144 150 8 150 150 150 150 150 150 150 150 150 150 150 150 35 150 150 98 117 72 150 150 
78 125 137 144 81 36 76 122 27 102 130 111 64 17 25 93 16 30 66 125 97 147 6 139 109 118 51 140 150 129 150 150 72 150 150 150 141 150 100 113 120 150 150 150 150 150 150 150 150 38 150 150 150 150 90 150 150 
127 47 57 132 6 40 50 117 100 19 10 3 73 102 115 74 31 55 13 12 39 148 41 0 52 63 106 58 16 95 20 64 150 150 44 125 150 150 130 150 150 150 150 128 150 150 150 150 138 150 150 150 150 94 150 150 
121 45 134 65 122 56 36 85 2 114 93 82 98 49 86 50 144 71 27 103 20 132 96 94 39 12 47 150 55 150 133 147 150 150 6 150 150 150 150 150 40 150 48 150 150 150 150 111 150 150 150 150 137 150 150 
96 26 105 64 108 44 20 17 10 55 149 61 83 119 109 15 132 67 146 126 76 129 27 16 40 53 101 104 75 89 7 130 113 8 60 30 150 150 150 59 150 150 120 150 150 150 111 150 150 150 150 64 150 150 
124 31 50 139 94 79 101 71 130 93 40 42 73 48 118 89 56 26 14 133 117 123 9 83 70 82 65 44 90 32 29 30 8 11 126 121 150 150 150 150 150 150 67 150 150 41 150 150 150 0 99 150 150 
35 31 20 85 54 9 6 44 95 52 133 37 46 67 99 113 125 16 64 19 4 141 90 116 145 69 36 13 45 70 121 8 128 27 94 150 150 150 64 150 150 33 150 97 6 150 150 150 150 10 150 150 
107 47 135 68 148 87 92 46 88 27 24 120 37 99 40 115 112 1 49 80 131 57 16 18 79 63 1 125 128 48 139 52 104 150 91 67 150 78 133 2 61 150 150 124 150 150 150 150 45 150 150 
32 0 103 129 6 100 85 82 111 60 96 52 139 135 25 128 125 30 86 36 24 61 143 133 71 64 70 59 26 104 3 47 14 15 55 113 146 150 150 150 75 150 111 150 150 150 150 76 150 150 
75 117 36 62 33 77 54 5 96 63 113 71 3 34 26 35 71 10 48 142 95 42 39 46 106 110 84 11 1 49 37 25 150 44 150 40 150 24 150 150 150 104 150 150 86 150 64 150 150 
32 33 71 12 35 101 120 31 58 122 80 121 60 9 111 114 69 47 61 57 2 30 118 104 4 16 130 124 17 150 65 150 150 150 39 150 150 150 150 150 38 150 150 150 150 62 150 150 
142 80 139 148 24 12 51 78 129 111 140 133 70 38 145 16 116 149 98 136 130 11 38 29 9 17 125 82 36 150 44 18 150 96 34 150 150 150 150 64 150 150 150 105 77 150 150 
106 121 25 97 26 127 102 3 138 7 91 63 133 105 68 5 128 64 115 53 114 77 112 100 50 1 140 52 95 37 149 27 150 143 150 150 150 150 8 150 93 150 150 138 150 150 
87 1 114 77 89 38 38 82 13 89 106 110 71 41 106 21 35 41 90 132 63 138 114 106 130 77 106 141 10 64 87 141 10 59 72 106 114 81 104 99 21 99 46 90 89 
119 77 14 34 145 18 13 101 61 66 138 138 8 25 146 136 84 147 58 125 35 65 123 62 7 83 59 54 20 124 43 150 49 150 150 131 87 150 67 150 150 13 150 118 
49 146 136 103 108 89 98 141 76 132 142 147 22 28 43 97 117 121 35 5 67 29 106 123 6 50 52 124 68 11 150 122 150 150 150 90 150 150 150 150 138 137 150 
148 95 76 10 114 74 134 73 35 26 50 103 130 68 56 70 41 139 81 140 136 13 84 131 87 66 112 91 113 126 69 27 150 150 72 18 150 31 150 59 142 150 
126 40 89 41 33 124 113 38 84 135 45 78 117 122 143 31 114 18 97 105 106 145 54 134 98 88 43 52 101 150 150 102 21 138 123 150 69 150 141 131 150 
69 42 23 89 97 41 80 144 6 108 131 17 48 28 54 62 14 91 2 138 50 33 46 139 39 145 35 105 150 150 81 84 90 99 150 150 150 8 21 150 
112 132 4 99 108 35 51 100 61 81 88 27 17 28 23 131 26 84 35 0 39 19 79 127 119 23 11 95 66 56 85 106 150 150 150 142 104 150 150 
124 119 65 147 72 74 104 121 44 80 130 145 39 13 101 14 99 138 47 135 110 127 98 49 109 92 48 7 128 143 125 2 24 54 73 6 150 150 
138 111 125 33 99 59 133 62 99 111 94 41 80 64 10 1 109 62 137 104 13 8 132 35 38 133 38 99 94 129 38 100 8 21 30 87 80 
14 64 138 34 128 58 76 49 43 22 15 6 137 68 57 104 117 115 0 8 16 78 24 127 17 85 149 150 64 146 150 150 150 1 150 150 
95 106 47 127 15 145 105 131 24 112 10 55 42 94 21 122 92 108 128 5 36 129 67 51 113 31 17 90 121 29 9 40 59 2 123 
71 88 110 32 135 134 138 49 81 90 36 123 120 125 65 29 37 12 25 18 142 78 91 69 132 144 76 54 136 82 50 87 150 33 
114 77 89 13 94 104 35 80 54 62 104 23 57 139 41 23 94 41 62 133 62 94 71 139 59 5 76 87 99 41 29 139 111 
143 147 66 37 133 140 2 41 63 93 91 104 87 42 72 25 48 20 116 3 15 98 58 16 139 122 17 85 150 35 108 82 
1 32 12 85 43 53 139 132 74 82 72 22 76 20 23 33 15 65 96 88 81 79 0 35 134 63 136 5 139 146 101 
129 120 29 115 142 76 34 38 55 59 69 35 133 97 83 28 72 57 100 148 140 75 132 60 95 33 123 21 42 18 
73 89 34 147 6 59 58 88 59 97 25 75 50 17 103 134 102 112 3 16 119 23 53 39 100 115 89 30 150 
81 15 55 94 133 110 32 77 106 7 22 142 137 115 112 19 60 102 24 83 99 86 21 44 14 104 29 54 
128 110 132 86 28 36 124 51 70 53 92 116 75 123 113 5 50 68 67 41 12 60 7 22 13 52 4 
56 125 42 111 45 94 27 14 98 83 50 7 20 85 33 131 99 82 137 66 18 142 107 124 136 122 
87 79 12 47 80 62 120 101 115 0 93 25 68 103 123 23 66 35 106 108 109 149 41 67 74 
111 71 90 111 139 13 90 76 138 114 77 99 87 132 1 90 119 90 141 72 90 4 104 64 
142 80 106 141 113 26 90 37 96 128 100 61 139 39 69 124 46 114 108 126 87 44 78 
109 8 33 77 27 1 53 118 44 39 136 45 51 7 10 19 11 119 17 10 122 2 
1 143 24 102 65 40 61 62 116 119 93 54 81 41 104 86 66 42 38 145 148 
106 90 35 76 10 137 59 90 104 21 77 72 71 72 139 89 38 5 62 6 
10 135 41 92 101 34 121 30 48 55 89 94 108 58 26 98 111 112 134 
45 134 43 22 93 111 9 144 129 68 114 78 130 103 95 124 105 56 
109 28 138 56 17 83 97 43 9 71 47 4 30 103 106 60 116 
42 147 71 77 74 2 107 116 138 39 47 0 27 1 32 95 
107 143 35 108 74 86 109 59 84 6 51 24 23 15 9 
9 55 21 149 136 125 21 82 126 46 77 59 11 25 
122 86 12 148 70 89 30 69 61 110 132 135 42 
144 140 135 65 124 95 2 4 148 87 40 32 
39 85 29 111 27 25 92 131 13 73 135 
52 37 76 26 82 90 4 111 128 91 
53 80 143 46 74 19 99 144 146 
106 100 147 40 63 64 102 57 
59 77 35 71 123 1 111 
50 1 113 71 28 97 
124 84 139 77 90 
58 137 97 81 
106 78 140 
106 10 
103 

