100 133
116 96 14 122 116 122 20 102 34 62 14 74 42 124 75 42 105 116 27 74 45 21 54 82 18 74 121 81 81 27 21 122 115 89 34 27 14 92 55 100 11 102 88 54 51 21 38 27 51 100 72 21 122 110 15 16 18 30 66 15 84 36 30 61 100 87 42 5 100 124 63 5 33 38 106 54 17 42 124 14 122 102 1 22 17 41 17 42 7 54 14 76 8 42 94 33 74 30 54 
110 115 120 126 11 29 31 0 27 70 8 105 79 5 56 51 101 47 65 116 106 95 5 130 72 10 25 99 117 43 109 122 132 133 9 133 84 54 113 133 77 61 133 133 133 133 133 133 133 133 133 133 133 133 61 133 133 18 133 133 106 69 133 133 133 133 42 107 133 131 83 128 104 32 44 1 28 71 23 81 121 38 116 111 38 16 55 100 94 82 92 112 30 61 66 62 123 67 
21 124 102 116 30 5 100 50 100 87 21 17 89 5 49 27 51 35 77 131 35 107 21 74 54 20 21 76 17 112 13 30 112 110 27 43 67 27 35 54 51 34 17 11 84 38 17 116 20 38 116 87 106 68 18 117 44 54 116 78 42 30 131 17 117 102 21 76 122 15 124 30 122 116 61 87 112 21 33 89 57 25 116 54 21 117 105 54 15 33 4 124 69 89 38 84 30 
45 44 99 93 63 59 116 49 53 12 66 54 76 20 26 114 96 21 75 29 27 107 48 46 128 56 103 41 4 61 133 13 133 70 81 131 133 133 133 81 133 133 133 133 133 104 133 133 133 133 133 133 35 111 133 5 133 133 110 133 133 133 57 79 133 133 3 14 108 133 133 39 15 37 125 6 19 62 127 117 106 73 35 52 32 34 47 60 129 33 28 30 86 106 113 117 
121 125 124 76 40 35 119 79 6 99 110 44 42 41 50 123 100 4 10 27 57 54 1 113 111 55 12 127 42 2 80 33 81 61 35 15 133 31 21 133 133 83 133 133 126 133 133 133 133 133 133 74 29 133 27 133 133 17 133 133 133 67 107 133 133 103 76 133 133 133 133 97 19 37 96 104 85 39 89 20 58 35 62 128 124 68 7 66 42 94 34 49 22 48 53 
13 95 23 77 33 41 83 29 2 116 72 11 10 57 69 116 131 97 112 48 90 67 100 9 73 46 101 38 94 133 133 133 14 112 85 133 133 76 133 133 133 133 40 88 133 133 7 133 133 133 124 133 133 89 64 133 34 133 133 133 50 133 133 133 133 87 133 133 133 124 108 32 31 123 132 59 63 51 112 109 117 65 119 42 26 49 53 35 111 54 70 30 104 91 
8 83 131 35 123 114 88 20 117 130 89 71 6 29 106 16 55 112 50 37 62 14 17 2 96 65 42 49 52 22 133 100 112 76 133 67 116 133 133 133 133 133 97 133 64 133 133 39 133 116 133 133 54 133 133 116 133 133 133 132 133 133 133 129 84 120 133 133 133 126 4 19 78 128 60 58 38 30 63 61 121 85 35 72 3 35 121 75 18 104 36 127 56 
132 33 14 79 66 107 65 102 82 34 63 112 31 131 32 58 84 3 45 26 127 4 57 111 49 11 129 133 133 133 51 89 133 133 133 121 133 54 133 21 133 133 133 94 27 101 133 133 27 133 133 100 133 133 112 133 133 73 133 133 133 133 133 30 133 72 133 105 24 133 47 38 126 7 2 122 30 59 21 128 67 110 103 77 64 42 91 61 13 37 1 23 
30 35 1 116 37 86 84 115 117 36 105 121 100 88 40 122 10 85 133 94 80 49 133 78 17 9 125 133 133 27 112 133 133 133 42 133 133 133 91 133 133 133 133 133 24 133 42 27 133 133 34 133 133 54 133 133 133 133 64 93 133 99 14 133 26 39 5 0 29 57 19 96 16 73 27 21 65 89 69 12 15 120 47 87 20 79 5 123 28 108 119 
20 81 11 22 122 102 6 14 99 78 93 33 95 68 122 85 63 9 29 23 114 4 105 122 66 104 48 60 33 20 70 82 16 18 56 133 62 96 133 133 133 133 133 46 133 133 35 100 133 34 133 133 14 133 133 133 133 133 133 120 133 17 133 133 133 133 7 133 97 47 10 109 57 121 71 28 116 49 132 42 119 87 111 15 103 17 44 90 2 123 
124 38 76 17 59 102 1 14 124 106 119 15 117 24 102 116 18 30 34 121 116 35 94 102 15 89 11 127 22 102 74 51 7 34 110 122 35 106 100 42 87 30 87 18 14 43 15 51 32 122 38 41 61 61 116 110 34 33 30 100 4 122 54 33 27 54 87 74 112 122 15 131 87 10 117 66 117 38 98 17 84 51 111 20 6 87 61 17 30 
56 96 85 112 4 35 102 46 71 15 97 66 35 32 82 131 98 25 99 53 108 84 12 73 126 34 14 5 36 29 65 102 24 133 103 133 133 2 133 128 133 16 133 133 121 133 94 5 6 133 100 133 133 133 133 133 133 133 133 81 133 93 105 133 88 133 120 48 91 83 31 35 124 47 30 133 86 112 69 23 43 106 80 121 27 55 68 10 
0 1 121 54 38 125 98 129 100 23 107 102 31 16 47 82 22 85 77 75 20 33 63 40 105 74 14 103 4 94 42 113 133 133 133 118 133 133 109 133 133 133 133 35 133 133 81 133 133 51 133 133 133 133 9 133 133 133 106 133 133 7 133 57 133 133 58 133 92 36 15 42 37 106 80 84 116 19 29 101 14 122 61 76 115 126 59 
74 42 65 89 4 2 130 84 109 106 110 38 64 80 68 44 78 50 133 20 101 128 72 117 15 131 133 52 133 106 91 15 133 133 133 133 39 133 71 133 69 133 51 133 133 27 133 133 5 133 94 133 133 133 133 133 133 100 133 133 133 8 133 53 36 10 133 41 70 122 124 83 35 14 108 20 95 92 57 18 25 51 129 103 111 55 
38 105 30 55 32 56 102 113 13 33 44 80 92 126 19 82 95 52 81 78 77 10 49 131 54 8 3 109 131 43 115 53 75 133 133 133 133 133 133 133 133 17 103 133 61 124 133 116 133 133 133 133 133 133 133 133 38 133 133 133 133 46 24 132 14 133 133 62 74 100 127 34 133 72 76 97 68 114 15 83 84 0 129 25 81 
100 119 18 124 100 36 84 121 103 121 76 21 91 100 35 131 81 101 15 38 34 112 129 123 89 15 14 45 89 42 76 117 124 34 11 76 121 54 131 84 47 117 100 65 76 87 109 5 33 81 30 84 27 15 100 79 27 14 122 21 76 112 117 76 15 102 81 61 9 106 71 71 61 80 17 81 11 64 42 49 34 116 89 51 
76 119 41 51 87 25 60 74 125 123 111 13 64 75 93 0 100 118 88 66 28 35 121 71 15 37 76 80 12 79 59 113 101 133 61 81 133 133 133 11 133 133 30 133 133 106 133 133 133 133 24 133 133 133 81 31 133 128 133 133 133 2 133 133 47 18 116 116 17 106 133 36 5 104 50 108 5 98 121 21 95 73 86 
34 89 30 71 42 34 3 61 122 110 102 117 34 72 74 67 21 110 27 38 83 64 100 81 122 36 5 54 87 84 110 35 21 81 74 5 100 51 88 121 74 26 51 110 40 33 42 93 5 100 18 110 102 111 17 15 20 11 20 38 30 117 35 117 100 132 125 18 69 5 122 103 74 89 116 127 30 120 74 35 122 20 
95 108 18 68 86 112 94 92 107 96 132 89 87 39 87 77 60 114 46 21 131 38 121 44 131 124 106 22 133 133 133 133 110 103 133 133 133 5 133 133 21 133 133 14 57 133 133 133 133 133 133 133 21 133 133 133 104 53 133 133 17 133 127 6 116 100 85 20 83 13 61 52 12 8 74 62 54 91 1 40 9 
73 81 19 39 11 26 83 13 116 90 61 7 36 18 3 9 96 77 131 11 80 109 118 87 69 20 68 132 133 133 71 60 62 130 72 133 51 133 133 21 133 133 14 133 133 133 133 133 133 87 133 106 133 117 133 133 133 42 133 133 133 86 133 131 61 31 89 133 133 35 40 127 125 89 63 34 52 111 67 126 
20 85 11 81 66 88 120 132 104 90 99 86 17 25 41 92 13 18 87 55 39 12 81 26 63 67 113 115 133 101 2 122 111 133 133 15 78 133 27 133 133 34 133 133 133 133 133 133 133 133 116 133 133 133 133 133 133 133 36 70 10 133 54 21 133 81 133 0 54 133 133 133 21 58 33 77 80 79 49 
110 124 129 76 18 5 112 11 5 54 56 109 38 89 117 124 70 56 84 124 54 12 74 14 74 110 116 51 106 117 76 33 42 106 94 84 81 78 20 11 60 21 51 100 117 121 112 20 61 128 116 14 102 38 102 15 11 33 11 112 102 59 19 14 120 54 27 95 121 102 100 2 102 62 30 131 14 42 
24 61 28 69 112 0 82 29 36 118 112 39 129 104 72 54 81 94 2 91 61 52 13 77 53 123 133 133 99 115 37 78 43 110 10 121 81 133 133 11 133 100 133 133 133 70 133 133 27 20 133 133 133 133 133 133 133 133 40 133 131 34 12 131 133 66 15 133 133 119 100 133 102 48 31 26 90 
121 118 65 71 3 35 98 114 73 100 89 43 17 7 121 81 9 115 25 87 75 108 120 4 93 37 18 132 64 28 133 133 20 133 77 20 133 133 100 0 27 126 133 133 133 119 59 27 133 133 133 133 133 133 133 133 133 133 133 30 102 133 61 133 133 34 90 133 133 5 128 38 133 79 78 15 
112 100 74 15 30 18 102 90 55 102 38 122 116 130 23 102 33 106 58 42 112 34 33 34 51 106 35 21 84 34 35 108 33 106 51 106 51 67 116 102 11 17 117 116 74 34 87 5 102 81 102 30 110 15 106 117 122 11 62 39 106 75 30 117 111 100 81 14 91 116 0 102 121 76 117 
112 79 110 40 51 58 92 112 72 29 95 4 5 76 42 22 24 131 123 127 133 83 47 93 108 45 41 82 104 133 34 115 105 30 101 56 89 97 133 133 133 133 133 133 133 18 133 133 133 133 133 133 133 133 133 133 133 33 17 133 54 133 133 122 113 133 133 35 7 122 133 99 62 6 
101 115 131 19 32 23 84 99 93 38 79 121 121 106 75 36 89 29 2 46 24 128 108 56 133 66 73 96 58 14 98 104 18 53 28 122 133 133 133 133 133 133 133 133 5 42 133 133 133 133 133 133 133 133 133 133 117 74 133 51 97 133 17 133 133 133 106 133 124 39 133 119 129 
58 52 65 69 44 81 114 123 129 23 121 42 32 31 128 20 40 55 72 12 116 56 99 115 118 53 57 45 33 133 133 30 133 124 102 133 133 133 0 133 133 75 19 38 133 133 28 133 133 133 133 133 90 133 133 131 5 133 74 133 63 106 133 133 133 116 133 102 133 41 24 133 
66 44 130 102 76 63 55 85 56 91 122 4 70 8 102 22 91 75 71 5 28 48 114 133 95 65 92 81 133 133 106 67 1 27 9 133 133 106 133 133 133 133 131 133 133 133 133 133 133 133 133 129 133 133 5 14 133 112 77 133 84 109 78 97 18 73 110 133 133 93 12 
127 2 130 51 96 45 94 0 112 30 46 68 83 18 36 95 86 108 16 133 15 113 133 27 48 133 81 133 65 124 59 133 30 133 43 133 133 105 133 37 133 27 133 133 133 118 91 133 133 133 133 73 133 110 21 133 27 133 133 81 49 6 133 106 133 34 41 133 50 93 
0 97 61 14 21 60 9 112 116 119 80 107 5 118 39 115 92 125 59 53 77 26 133 132 8 11 102 133 131 133 133 84 133 86 93 133 133 64 133 133 112 28 133 133 133 133 133 133 133 133 133 133 74 124 133 17 133 133 38 133 113 133 54 133 76 133 133 69 133 
59 54 105 112 123 42 56 74 5 125 62 54 92 64 48 25 122 23 79 91 40 31 126 60 30 57 133 122 98 133 102 8 133 55 133 133 133 133 67 27 133 80 133 133 133 133 133 133 133 133 133 76 54 133 14 133 47 61 133 133 133 54 56 74 75 133 44 83 
76 24 70 3 125 11 102 26 90 132 18 133 50 114 34 45 25 60 55 133 91 93 53 38 133 8 121 133 133 116 22 56 133 1 98 133 133 133 42 133 31 133 133 133 133 133 133 64 133 133 117 87 133 112 133 133 21 133 133 19 27 133 17 133 133 63 133 
112 74 112 42 118 45 131 116 30 130 18 117 110 87 20 74 74 35 131 18 74 30 97 11 76 99 15 61 64 117 100 5 5 124 116 27 116 91 11 122 11 35 106 34 117 84 100 35 131 21 132 121 123 15 117 46 124 20 27 39 106 125 35 122 90 18 
95 88 120 131 17 68 26 45 121 47 1 31 42 27 70 19 28 133 34 8 62 34 104 60 87 133 59 116 46 75 23 133 133 133 32 133 30 133 133 107 133 80 133 52 133 133 133 133 51 20 133 17 133 133 116 81 133 133 61 133 102 133 133 133 133 
83 75 110 21 31 107 120 61 23 96 28 17 78 12 0 118 114 74 67 85 116 40 69 106 1 7 54 89 133 109 115 133 133 102 30 33 133 133 37 133 133 35 133 133 50 133 133 74 11 133 21 133 133 30 133 133 133 84 22 33 105 133 133 8 
61 11 21 107 35 71 18 99 93 51 131 57 120 45 19 47 90 49 115 106 24 63 76 52 46 14 2 125 16 133 133 7 133 133 18 133 5 84 133 133 133 133 133 133 133 133 112 121 79 5 133 91 89 133 133 133 110 133 18 133 133 43 133 
20 116 88 94 33 18 62 111 44 130 53 26 110 107 55 67 63 31 18 91 17 117 12 40 30 78 58 3 133 133 103 133 133 106 57 133 133 133 133 133 133 133 133 133 133 35 84 133 74 104 133 18 129 133 133 84 29 122 65 133 133 133 
110 102 122 35 25 34 76 11 76 15 102 87 74 117 20 112 84 40 112 18 101 14 54 0 112 116 33 38 35 124 84 11 47 131 18 76 100 27 21 76 15 131 131 116 99 90 74 58 74 117 88 61 100 112 114 112 98 102 18 121 18 
35 76 74 71 131 116 112 124 35 33 121 102 21 74 51 51 59 42 84 57 84 14 125 5 17 81 106 54 106 110 14 75 74 100 106 42 102 20 110 74 76 21 84 105 114 5 107 27 74 36 86 102 102 46 89 129 106 35 121 5 
105 114 124 17 82 97 39 65 58 24 33 123 104 2 118 84 121 50 74 111 92 42 91 133 53 62 115 132 128 27 110 133 59 43 133 133 133 133 7 133 117 133 84 121 133 42 133 133 20 133 133 133 106 133 122 133 133 133 77 
58 21 110 59 6 30 19 77 123 85 50 44 55 101 116 37 73 42 113 91 20 72 83 24 86 10 96 67 133 112 133 133 49 48 133 133 133 133 133 133 106 14 122 133 116 133 133 89 133 133 133 87 133 11 133 133 133 60 
33 130 48 122 73 26 14 10 86 49 39 85 50 121 38 126 124 97 68 124 133 92 115 75 133 113 133 6 112 133 3 133 133 133 133 100 133 133 133 13 20 81 133 102 9 133 124 29 133 133 131 133 42 133 133 133 133 
121 81 76 116 89 112 42 74 81 51 14 42 72 14 34 10 15 76 27 54 112 27 102 117 89 15 131 85 35 74 74 110 21 18 5 122 38 87 121 3 59 64 43 34 87 79 121 89 106 19 102 67 112 21 27 14 
11 60 9 2 105 8 79 45 57 7 108 33 125 1 30 46 19 122 132 25 98 48 133 50 13 133 76 126 133 133 12 133 39 133 133 133 133 133 34 112 133 33 27 20 11 133 133 107 112 133 84 133 133 133 133 
128 101 42 83 66 52 70 32 6 123 122 129 41 76 31 103 5 37 0 77 38 113 56 133 17 121 79 133 133 67 133 7 104 133 133 133 133 121 35 133 102 133 133 89 133 133 133 124 133 89 87 133 133 68 
107 80 16 111 119 4 129 29 91 100 43 96 81 78 74 5 49 2 32 70 40 98 36 33 124 52 57 101 10 58 45 133 133 133 133 133 5 21 39 100 133 133 100 133 133 133 54 133 11 133 130 133 133 
51 109 52 32 29 126 16 69 81 47 45 61 40 116 74 19 23 100 41 72 114 10 79 117 98 88 118 90 133 133 133 133 44 133 133 121 106 133 106 8 133 51 133 133 133 21 133 116 133 133 133 133 
90 114 1 120 25 83 37 61 56 49 87 73 8 122 17 68 103 52 46 62 77 100 112 50 101 44 70 79 31 32 133 133 133 95 35 38 133 42 133 92 89 133 133 133 76 133 110 133 133 133 130 
6 92 75 81 36 7 30 79 31 124 118 62 74 85 29 15 60 87 9 113 24 51 94 99 8 49 133 119 40 111 133 133 133 15 124 133 20 133 133 117 133 71 133 81 41 121 133 133 133 133 
130 97 58 92 86 76 7 113 89 28 67 15 98 31 26 81 93 128 57 77 106 73 118 59 37 85 68 25 69 109 133 133 5 14 119 42 95 133 89 133 133 133 74 133 100 16 133 133 133 
68 7 30 49 27 59 103 21 62 4 38 90 105 75 36 23 24 58 104 18 46 25 133 133 133 133 78 133 133 133 133 89 84 133 51 133 133 54 133 133 133 117 133 117 133 8 133 133 
88 43 102 110 109 80 112 72 37 117 52 78 10 93 126 67 86 8 18 30 23 48 127 13 90 53 130 69 125 60 76 81 133 131 32 133 100 133 133 133 122 133 116 133 133 133 133 
20 120 38 68 119 84 127 65 122 14 87 83 78 63 71 49 131 5 103 13 60 97 86 48 21 93 133 118 19 131 20 133 84 133 133 27 133 128 98 124 133 54 133 133 133 133 
23 122 80 88 102 108 44 121 125 52 41 25 81 82 33 9 35 115 24 26 60 94 133 133 113 133 133 133 34 110 130 110 51 133 11 133 133 77 122 133 38 133 133 133 133 
15 88 124 14 22 24 15 83 57 71 129 32 13 1 66 15 29 98 132 47 6 104 0 65 72 3 93 110 110 36 121 103 127 38 16 59 133 124 90 76 130 133 133 133 
42 42 85 38 27 66 61 21 51 100 11 84 122 106 126 87 117 87 122 35 18 42 61 61 100 87 92 1 51 48 116 21 28 27 124 74 26 116 82 34 15 17 84 
97 106 96 117 30 86 28 63 92 54 118 50 72 20 90 82 22 133 133 73 133 53 127 107 83 74 27 133 89 133 133 5 58 133 133 124 133 51 133 133 60 133 
131 58 3 20 129 55 112 68 7 48 16 123 5 47 92 98 0 64 95 82 70 24 44 133 61 54 43 106 118 133 122 133 133 133 61 133 42 133 133 133 133 
100 54 107 17 122 131 116 14 38 61 15 108 81 81 112 38 51 131 17 20 124 84 122 127 98 117 80 102 61 48 30 106 86 50 102 19 27 17 34 116 
132 15 105 3 50 128 91 10 130 80 15 114 39 86 29 26 41 44 42 120 37 94 122 84 32 74 71 77 74 55 133 133 121 133 34 133 16 133 133 
21 114 12 43 13 70 90 127 113 124 86 64 45 119 75 51 126 22 58 115 72 61 38 102 106 6 23 112 125 25 69 87 26 124 79 133 97 133 
61 47 122 11 112 35 124 74 37 30 30 81 116 42 122 87 20 20 21 110 71 72 81 105 27 34 13 33 76 42 23 61 2 61 38 14 34 
109 40 82 43 65 6 1 18 111 66 76 58 95 10 99 44 130 75 107 34 124 50 131 133 133 131 32 133 113 102 15 51 133 133 133 133 
81 16 67 32 39 53 20 117 70 10 22 93 60 129 88 118 6 85 20 15 13 15 47 101 124 133 99 133 124 127 61 73 44 5 133 
4 108 60 47 96 106 99 74 95 19 111 30 14 82 39 110 45 34 89 2 131 64 70 17 127 118 37 131 0 27 133 97 65 133 
69 12 125 40 89 21 127 108 123 71 8 6 124 34 94 15 117 34 96 21 63 54 116 9 42 26 38 23 106 88 49 3 22 
75 78 122 102 3 8 65 95 50 13 130 57 51 99 48 124 102 120 110 86 109 20 45 101 55 17 1 100 28 119 133 44 
68 86 102 41 38 97 91 73 69 63 3 107 52 16 11 76 126 74 0 1 102 66 45 115 84 54 3 8 105 133 133 
121 11 0 85 79 15 60 88 38 25 2 82 61 110 106 53 74 43 98 30 12 56 126 61 123 131 62 69 46 99 
117 49 21 4 45 68 124 88 90 63 55 112 102 87 29 21 120 107 102 48 51 65 14 93 81 31 70 109 16 
100 61 106 81 42 106 81 54 117 100 116 13 80 17 101 27 121 10 20 110 117 3 30 103 35 106 15 100 
110 89 63 2 36 95 12 116 70 40 17 76 88 122 132 16 17 78 43 82 35 96 124 127 113 64 13 
120 107 9 15 7 46 6 103 52 27 117 41 30 111 96 131 37 109 83 89 48 20 40 133 132 78 
110 52 9 12 66 115 58 113 116 15 16 102 82 94 54 3 119 88 5 36 106 6 73 133 133 
17 59 66 50 3 106 53 11 33 112 122 28 43 121 41 64 46 89 51 84 98 7 82 62 
128 43 37 47 131 28 110 34 8 81 48 81 76 27 112 90 42 119 87 56 117 66 120 
56 126 0 26 109 102 89 108 34 123 64 42 86 94 50 30 2 74 101 82 87 125 
41 85 114 22 76 102 98 74 4 73 87 59 72 118 42 77 74 46 45 55 112 
16 63 43 110 106 61 34 26 120 76 74 28 103 21 92 5 1 56 32 21 
22 12 84 100 46 87 31 53 61 131 125 9 81 4 76 68 123 56 105 
69 131 122 72 117 119 95 42 24 111 36 61 45 124 108 78 9 28 
38 76 1 124 41 24 124 82 90 71 84 32 122 97 104 103 17 
46 34 109 106 30 104 5 17 74 129 117 64 84 100 117 11 
30 113 84 30 55 33 114 87 128 131 73 42 5 131 89 
35 68 97 51 11 9 25 85 113 17 45 23 57 94 
106 89 130 15 131 38 22 124 25 100 87 121 20 
99 35 25 61 67 51 109 116 114 29 70 89 
5 65 126 60 42 6 15 4 34 22 19 
100 15 89 108 76 22 110 112 76 131 
53 99 30 21 122 23 39 71 118 
4 21 52 38 69 93 80 33 
11 132 76 12 54 128 96 
89 113 34 17 89 81 
100 81 14 101 104 
87 34 14 87 
92 115 80 
52 128 
98 

