100 164
26 86 21 148 134 3 128 58 120 84 138 10 9 56 81 147 70 149 43 37 127 85 47 132 4 51 164 20 30 164 164 164 5 164 164 164 103 164 164 113 164 137 164 14 164 164 164 164 164 64 150 164 79 164 2 164 125 110 72 164 164 152 164 149 164 72 119 164 134 121 11 111 143 96 68 17 53 101 102 130 0 49 39 153 154 114 161 41 54 122 74 112 81 1 32 110 51 40 94 
143 44 4 142 28 82 53 133 51 90 103 108 70 158 35 158 2 14 49 30 136 92 32 29 0 52 63 152 154 81 164 33 88 117 164 148 124 164 2 164 112 164 31 164 164 164 164 164 164 150 164 164 134 164 164 164 164 13 164 164 164 164 81 164 134 1 76 150 62 73 59 50 20 25 145 42 77 137 79 150 78 64 45 99 23 47 68 130 106 132 100 149 46 127 158 134 72 89 
52 24 7 132 46 22 27 72 91 77 113 83 31 113 123 13 75 39 64 145 56 112 66 51 5 85 21 136 95 164 164 41 164 17 164 164 164 84 164 164 164 84 164 30 164 164 164 164 40 164 164 54 154 164 12 164 35 164 164 164 10 81 164 40 164 92 150 93 164 98 159 15 19 89 142 6 133 110 163 100 150 8 141 57 53 61 101 123 80 147 2 125 43 134 139 35 69 
156 113 147 17 34 154 51 99 90 50 48 13 70 70 110 3 119 1 126 164 76 116 149 86 128 87 98 144 157 164 69 164 30 80 57 164 105 164 164 164 2 164 164 164 164 164 19 14 164 164 164 164 51 164 164 123 46 164 164 164 0 164 163 77 164 105 5 83 164 93 35 161 16 100 139 43 71 70 97 138 20 75 132 58 107 26 62 15 136 70 120 23 162 149 84 95 
112 78 54 6 49 150 134 11 83 100 105 13 163 123 21 68 57 95 71 30 8 110 157 42 146 119 15 37 164 118 164 164 154 164 53 113 164 164 164 70 164 164 164 164 121 58 14 31 59 164 164 164 164 164 2 164 164 164 164 0 164 110 48 164 147 164 164 19 106 164 133 41 111 61 99 105 13 125 88 110 97 12 73 80 89 36 151 96 35 66 144 81 149 113 137 
44 3 131 103 163 60 130 120 39 72 158 105 105 154 153 96 20 29 53 140 139 127 49 94 12 78 83 67 38 115 164 164 164 164 40 42 159 164 81 93 4 164 164 138 164 14 164 164 164 164 164 164 164 81 164 164 164 117 51 164 0 164 164 2 109 164 164 164 152 98 36 164 50 8 19 123 106 144 88 121 87 13 128 62 64 56 58 72 63 48 84 51 123 129 
15 161 86 110 77 126 133 95 113 105 70 158 88 121 14 54 148 42 155 13 27 92 53 41 96 98 116 159 142 11 111 87 164 163 164 164 164 113 164 164 164 164 164 75 2 164 65 164 164 164 164 164 31 164 164 164 164 162 100 13 164 164 147 91 164 29 104 17 164 83 164 18 103 68 113 120 140 74 127 89 40 93 9 60 135 0 139 23 57 134 158 158 80 
87 104 51 13 111 16 9 110 150 147 51 112 19 108 92 159 1 20 113 48 124 115 24 131 97 145 164 101 120 10 33 164 147 164 34 164 14 164 164 164 25 164 164 163 164 164 164 55 164 164 164 163 164 42 155 164 13 164 139 164 164 40 164 164 164 164 30 164 157 98 64 60 61 149 99 116 114 77 35 125 21 123 22 102 29 150 74 140 105 84 93 161 
114 147 137 143 106 61 51 163 31 0 62 69 28 100 160 155 9 123 78 41 122 50 132 75 156 142 60 52 116 49 33 0 71 164 164 149 164 164 164 164 164 164 84 164 164 164 164 164 158 164 35 164 164 164 164 163 164 149 164 164 13 101 164 108 164 164 145 5 67 56 10 164 158 39 134 119 11 25 63 36 115 157 29 97 51 73 27 162 40 72 85 
31 55 61 107 97 72 93 105 147 38 151 11 43 25 46 106 70 37 33 16 76 135 30 17 155 85 23 164 54 91 93 164 164 48 162 53 164 108 164 164 164 158 164 164 164 164 164 164 164 14 164 81 164 164 0 164 13 164 164 93 164 164 164 164 1 24 32 164 12 117 115 150 164 124 132 100 63 129 47 42 34 68 149 35 143 8 72 163 13 142 
35 35 158 123 27 120 119 83 158 35 72 149 70 0 123 10 149 40 134 149 35 51 147 14 70 150 13 150 31 67 149 40 72 54 81 123 139 2 139 13 146 40 113 40 35 40 51 14 107 139 51 70 134 118 110 57 13 2 153 31 81 40 150 147 84 113 93 14 0 40 25 110 84 150 81 14 93 150 13 84 72 134 29 2 162 22 64 16 147 
1 25 28 105 72 147 110 150 83 119 42 8 36 7 149 32 34 17 47 158 4 162 146 71 129 123 61 18 35 144 68 15 2 114 59 145 164 164 164 110 164 96 164 164 164 164 164 72 164 164 164 164 110 164 51 164 97 14 164 116 164 164 164 164 164 164 136 40 154 147 12 10 164 88 148 43 46 65 107 127 155 149 122 112 72 150 81 37 
116 94 0 123 139 105 110 113 132 12 7 87 161 81 9 17 18 66 16 160 128 124 118 131 164 74 79 158 27 164 141 40 164 164 47 68 164 164 150 109 164 164 164 164 164 164 123 164 164 164 164 40 164 162 39 164 81 164 164 164 33 158 164 30 164 164 164 164 163 137 67 53 37 4 145 98 97 151 104 41 72 6 49 149 123 147 29 
67 123 40 139 81 59 136 24 124 161 45 37 40 6 137 38 129 117 111 86 57 90 31 118 140 22 134 126 28 156 13 164 12 164 164 164 164 110 164 164 164 99 164 164 164 62 164 30 164 164 84 164 105 164 164 93 164 164 100 164 164 164 110 164 164 164 112 14 164 62 159 43 47 26 75 82 163 58 115 40 131 154 31 147 110 122 
72 0 0 163 111 127 99 45 130 103 122 14 92 44 60 109 25 5 157 17 128 121 11 73 85 81 16 89 58 14 146 151 38 159 106 81 51 164 164 164 164 164 36 164 35 164 164 164 164 14 134 51 164 164 158 164 164 164 164 84 164 164 164 47 164 164 134 164 22 86 3 65 82 7 91 115 140 139 70 90 141 158 105 147 12 
26 7 101 84 13 84 139 2 150 163 157 2 134 93 158 113 31 72 81 163 14 40 2 149 52 0 35 0 28 31 72 51 40 2 0 144 149 72 2 139 162 162 31 36 158 150 13 72 61 134 95 35 139 18 51 84 105 13 110 84 93 70 139 139 31 126 40 150 150 139 84 113 40 14 158 163 113 136 158 139 75 13 129 31 
74 153 158 162 40 110 13 14 163 85 147 13 105 13 84 40 134 163 150 139 110 113 81 82 149 134 105 136 2 0 147 113 56 105 75 31 134 113 123 139 162 139 142 134 123 139 147 6 40 32 163 35 55 51 72 150 162 150 162 113 31 63 2 72 71 110 123 110 105 13 113 105 162 51 123 134 80 93 0 77 102 139 40 
59 31 40 123 93 51 81 40 125 40 13 149 35 113 2 0 70 162 134 31 150 31 54 105 31 158 33 134 139 150 84 147 84 108 149 51 134 40 147 147 147 73 70 113 162 84 126 40 155 51 72 11 35 84 105 35 113 70 13 139 134 13 2 8 31 110 14 13 93 147 150 72 134 134 31 44 2 113 148 53 66 70 
13 2 123 14 84 35 134 4 150 134 40 84 2 147 163 134 105 81 14 81 105 48 162 51 110 87 40 84 2 0 113 150 94 149 70 35 93 123 81 81 25 105 93 81 93 160 150 157 81 110 138 35 163 0 70 110 105 31 31 81 134 72 17 40 110 84 70 14 35 40 0 134 93 2 0 0 149 60 2 135 139 
146 35 27 19 116 15 105 20 107 42 45 89 80 155 24 79 125 138 40 26 81 115 5 151 0 34 6 164 28 143 44 0 164 82 164 73 164 164 127 105 164 85 164 164 105 164 105 164 164 51 164 164 164 164 164 128 164 164 164 164 135 70 164 76 10 164 108 68 124 94 96 117 47 93 83 126 31 105 51 60 
45 30 46 102 129 51 1 75 74 93 65 122 76 92 126 64 62 138 59 139 38 29 107 14 155 128 71 89 117 164 70 54 164 164 164 164 164 164 13 164 164 164 164 147 164 93 164 164 93 164 164 78 164 112 164 164 164 26 164 164 84 109 164 28 164 11 79 44 106 131 125 77 14 156 85 139 113 131 143 
51 36 130 149 105 82 91 89 152 109 86 10 87 27 22 126 144 114 105 49 135 121 0 5 157 34 104 66 133 31 9 164 164 164 17 128 163 31 164 15 164 164 110 164 0 164 164 162 164 164 164 26 164 164 164 164 154 146 78 147 164 164 164 125 46 164 151 164 103 164 164 84 117 29 72 93 110 16 
157 135 103 72 114 105 58 116 140 25 120 137 98 26 63 55 49 123 121 139 164 150 164 102 76 164 84 59 139 164 164 164 132 164 164 164 139 164 164 53 164 113 160 134 164 164 158 34 164 107 164 164 86 164 164 164 164 164 2 48 164 164 164 7 80 161 36 17 153 40 34 91 122 162 72 40 155 
149 50 139 137 90 108 162 1 126 32 12 120 95 64 99 115 84 104 128 86 93 57 83 118 62 76 91 162 132 41 164 147 164 164 23 31 164 164 153 164 93 164 123 164 94 14 164 164 164 164 164 16 164 124 164 164 100 162 164 164 164 73 39 89 164 164 164 85 151 81 152 143 162 93 2 135 
114 158 55 66 26 28 121 12 160 29 159 67 22 161 41 81 94 20 89 158 43 11 75 90 110 49 72 164 142 108 164 141 62 124 0 164 50 164 164 105 164 150 164 164 51 164 164 164 164 164 164 164 164 164 164 9 0 164 164 164 164 164 54 24 164 128 37 64 2 86 72 158 134 113 38 
13 2 48 95 59 56 131 90 43 58 27 115 126 101 139 108 96 11 84 42 87 92 109 154 164 162 164 55 159 133 47 164 164 113 25 164 164 164 70 164 70 164 135 35 164 157 164 164 164 164 164 164 164 164 164 70 164 164 54 164 164 52 32 164 164 79 99 70 104 33 40 147 13 128 
149 70 72 163 162 81 14 51 40 137 84 134 139 143 38 105 51 53 35 70 70 93 84 123 59 51 113 2 31 31 51 158 160 105 51 150 163 115 93 132 81 14 3 70 70 150 150 113 31 35 84 113 162 81 69 162 150 163 0 149 13 84 51 139 123 40 67 147 14 150 44 22 81 
24 39 60 122 34 104 133 19 38 44 125 66 14 26 70 73 163 153 29 99 67 8 145 81 107 14 62 69 164 90 43 110 164 164 164 46 162 164 70 141 164 63 164 63 0 98 83 164 164 164 164 164 23 162 164 164 164 164 164 164 65 164 7 164 4 123 108 111 14 123 0 158 
132 131 31 68 61 127 111 145 74 152 45 158 60 104 3 163 0 95 22 15 67 86 123 130 12 117 72 155 108 9 84 164 164 164 164 81 164 149 164 164 84 164 164 164 164 164 164 164 164 164 164 164 123 164 164 164 164 164 164 77 164 89 141 119 123 4 164 51 113 2 116 
55 4 32 144 6 96 118 37 69 34 105 153 47 65 40 77 23 111 140 98 43 0 97 91 126 80 164 164 164 158 164 159 61 142 13 57 163 164 164 163 164 164 103 164 164 164 164 164 164 164 164 147 164 164 164 164 164 164 70 148 164 90 129 105 164 164 147 81 81 114 
36 155 121 85 37 105 34 56 118 162 13 92 79 2 70 10 104 80 146 163 40 67 43 1 4 153 27 32 81 77 33 49 94 2 107 81 164 164 2 164 164 164 164 164 164 164 164 161 164 164 131 164 164 164 21 164 164 164 164 87 164 88 2 164 120 31 110 51 3 
19 107 18 24 98 79 111 39 123 41 69 157 123 9 127 73 52 99 159 134 43 148 87 88 161 45 58 51 145 74 40 164 147 164 147 164 164 150 164 164 22 164 164 97 164 164 164 164 118 123 164 164 164 164 164 164 28 49 164 164 3 139 32 164 81 150 147 164 
54 21 93 117 45 118 0 72 23 41 138 13 150 46 144 18 95 88 163 14 130 112 103 92 146 61 162 82 99 148 52 93 28 51 7 114 105 164 164 164 164 164 164 164 164 164 164 164 81 164 164 164 8 164 164 164 164 164 116 153 93 164 65 93 139 105 164 
48 69 42 137 12 74 149 141 83 49 13 101 78 80 75 44 103 35 149 40 88 161 135 23 91 158 66 140 143 138 35 41 0 27 132 81 164 131 164 164 164 164 9 164 164 164 164 134 56 164 164 164 164 164 164 164 164 164 164 163 22 164 14 51 158 164 
45 76 161 151 126 51 132 94 27 139 65 63 26 136 91 129 51 114 107 83 115 102 22 37 84 71 89 121 164 163 98 2 164 58 150 164 50 164 68 164 164 164 164 164 147 164 40 164 164 164 164 164 164 164 164 164 164 7 147 164 164 123 134 31 164 
32 49 7 133 123 152 82 44 81 8 76 136 6 22 109 158 61 87 160 33 146 164 112 134 116 164 135 125 14 164 13 164 164 150 164 164 164 164 164 164 164 164 80 164 164 110 164 164 164 164 88 164 95 164 164 9 164 2 164 56 162 113 31 141 
43 91 102 162 97 161 33 93 141 18 122 44 135 128 93 65 45 39 53 82 159 20 0 21 58 7 54 162 151 51 164 154 150 164 25 164 164 164 164 164 164 164 164 164 105 63 164 164 164 156 164 164 40 164 164 137 162 71 164 134 72 162 57 
19 130 163 21 90 106 149 17 121 60 146 52 76 158 125 129 120 35 3 152 25 51 73 86 84 96 14 102 70 24 110 105 164 101 55 164 164 164 164 119 164 164 164 2 164 164 164 164 164 15 164 164 164 164 164 123 20 164 84 150 123 164 
15 13 92 110 21 149 68 37 106 31 48 3 105 94 156 141 67 36 24 107 113 102 18 41 100 93 112 31 58 164 139 29 164 164 164 164 164 147 164 164 164 164 163 164 164 101 164 164 164 164 164 97 164 164 93 164 88 81 147 81 108 
72 61 87 124 81 92 62 135 40 25 107 13 8 125 5 44 94 3 141 105 153 28 117 104 51 7 150 50 55 0 71 120 68 96 76 129 54 164 164 164 16 150 164 56 164 164 164 164 164 164 164 164 164 163 164 164 139 31 134 164 
81 70 163 109 123 113 2 113 51 84 152 93 110 123 163 2 81 31 23 134 81 0 62 25 40 160 163 162 20 70 134 139 84 149 84 110 14 147 113 31 120 93 105 158 0 123 162 147 134 35 70 113 46 123 70 8 83 27 31 
76 57 105 133 110 59 30 12 147 123 79 90 4 100 95 64 109 150 55 39 33 11 14 58 150 78 82 134 63 88 102 34 122 164 164 75 43 164 47 70 164 164 164 164 164 164 164 164 164 164 164 81 52 164 84 81 134 164 
131 149 52 48 134 60 18 144 70 46 101 156 126 98 151 12 147 53 132 118 148 84 124 13 136 143 2 3 16 66 30 10 164 1 11 164 14 164 14 164 164 164 164 164 164 164 129 164 164 164 13 164 164 150 84 150 164 
40 137 1 54 76 115 104 0 80 81 144 145 43 122 103 2 50 68 32 77 147 94 150 38 61 72 99 135 18 17 155 63 164 128 164 164 85 31 164 34 164 164 164 164 164 164 164 164 164 105 164 164 162 139 31 164 
72 110 139 2 13 51 151 14 163 70 134 31 149 35 75 134 150 147 93 155 105 21 162 123 46 2 0 0 113 0 35 158 105 134 13 31 156 13 13 147 139 105 123 105 113 35 93 81 76 147 162 90 135 59 147 
41 45 103 145 99 162 4 102 97 24 54 19 119 134 109 55 22 95 84 51 40 151 37 139 127 58 130 80 118 71 20 74 164 164 164 123 136 164 148 164 164 164 164 164 164 164 164 139 164 164 14 123 149 164 
28 112 96 148 81 159 3 7 60 116 20 94 40 115 152 24 79 150 138 158 73 88 147 146 137 92 61 67 82 164 164 164 68 164 84 164 164 120 164 164 164 164 164 164 164 164 14 164 164 158 81 158 164 
79 9 21 51 42 119 90 153 55 50 18 35 142 112 29 130 162 121 149 159 85 40 84 138 152 67 164 156 78 8 36 66 164 31 164 164 164 164 157 164 164 164 164 49 164 72 164 164 162 72 84 164 
7 143 134 142 92 138 34 16 133 154 40 13 124 115 59 70 48 113 91 36 110 39 99 153 97 65 8 85 71 63 5 20 0 86 156 127 69 21 164 164 164 164 164 164 2 164 164 13 31 93 164 
118 158 108 155 14 160 24 103 151 139 23 1 139 141 163 53 139 147 124 0 157 71 132 62 119 109 28 37 74 164 164 35 15 46 164 164 56 164 164 164 164 33 164 13 164 164 72 2 162 164 
123 162 108 32 142 96 8 82 2 7 6 112 139 93 120 93 18 5 70 77 102 97 40 153 87 164 140 45 164 164 105 164 71 164 164 164 164 164 114 164 62 164 0 164 15 31 13 2 164 
81 35 158 139 93 0 105 79 150 31 162 72 156 139 36 40 81 44 147 72 139 113 110 163 13 134 162 0 70 89 13 72 158 147 72 2 162 14 139 158 72 145 139 51 157 65 78 150 
141 30 157 128 28 15 113 131 160 59 85 150 35 13 36 0 40 56 140 41 64 106 120 90 20 70 119 49 35 73 143 76 164 44 55 152 164 57 164 66 40 164 164 110 13 31 50 
47 23 110 42 8 162 17 62 39 122 81 109 93 118 116 163 86 146 26 94 73 138 44 160 164 21 164 150 164 164 164 157 164 164 164 164 126 164 164 84 164 164 147 158 134 31 
116 78 143 114 110 56 102 64 63 163 16 84 11 142 81 53 3 36 10 77 13 50 122 85 75 51 105 129 161 164 164 164 164 164 71 164 164 164 40 130 164 150 81 139 164 
38 10 74 158 61 64 98 82 0 37 163 56 137 14 97 136 39 156 26 83 152 65 15 89 102 105 164 79 164 106 70 164 164 164 164 164 164 0 164 164 40 2 31 164 
85 29 158 48 4 34 163 110 90 158 156 52 134 118 113 93 111 71 76 46 10 49 59 157 147 107 101 6 159 119 56 164 18 39 164 164 147 164 1 84 147 149 164 
138 40 141 25 69 67 0 15 31 6 129 51 76 29 47 53 31 38 140 32 2 17 98 150 57 115 9 78 164 148 30 107 109 75 164 158 164 164 139 158 0 164 
14 99 115 130 129 123 142 70 21 158 105 66 42 10 140 80 150 126 55 160 97 26 72 16 164 57 19 101 83 164 164 164 164 164 113 164 156 110 2 158 164 
110 14 51 40 11 31 136 81 13 82 113 105 139 113 134 70 149 163 134 51 147 117 113 51 123 51 0 147 72 113 0 110 31 66 123 162 111 19 106 105 
87 122 37 150 69 147 125 91 162 80 114 38 130 64 27 72 136 151 6 104 81 157 127 79 160 42 5 8 163 144 78 92 134 62 164 2 70 110 164 
161 60 72 136 158 41 47 70 92 21 95 57 162 96 106 117 54 61 109 70 142 94 151 45 103 72 146 23 164 164 164 0 164 164 149 51 51 164 
3 134 106 13 133 26 93 50 66 114 23 78 56 100 101 119 27 25 72 80 37 104 136 164 164 164 164 8 164 164 14 164 164 2 123 31 164 
113 17 81 153 64 40 116 126 9 103 28 119 74 16 99 98 91 51 29 154 39 120 22 36 101 92 143 164 140 149 164 78 81 13 81 164 
139 103 93 158 67 14 134 139 113 134 72 13 149 13 0 40 53 0 113 70 110 123 105 72 81 149 2 134 105 70 51 50 133 73 0 
2 140 46 163 9 118 104 1 38 59 123 114 65 88 152 139 3 96 66 22 111 86 4 6 18 27 23 158 127 83 110 105 35 164 
158 72 24 134 16 35 0 2 150 105 56 149 123 81 88 70 158 31 163 84 134 70 139 137 158 70 124 81 150 69 92 127 31 
68 162 35 52 60 75 121 94 45 154 88 4 42 147 65 106 130 152 74 85 145 87 95 28 69 147 113 142 40 139 149 44 
84 122 27 14 131 18 144 133 156 86 23 65 40 7 38 162 50 93 19 3 117 120 159 101 113 109 161 72 113 162 32 
2 105 162 149 2 40 2 51 134 93 72 47 147 51 31 51 110 51 72 35 14 158 93 57 31 150 100 52 96 13 
10 155 65 148 57 111 6 89 52 82 139 19 28 38 117 158 1 20 138 108 17 95 84 112 69 2 40 13 119 
84 47 5 143 60 145 133 46 144 70 45 1 125 48 104 127 160 4 31 6 22 113 111 67 110 134 149 132 
70 11 117 62 89 158 91 24 105 5 163 75 112 131 50 135 63 140 54 17 70 129 136 162 150 113 43 
145 7 87 72 95 44 117 0 108 107 124 139 18 122 116 133 48 45 32 51 58 24 105 70 84 82 
114 130 135 79 85 7 40 58 132 63 32 140 91 74 86 137 47 144 2 57 55 149 150 31 33 
77 5 67 116 127 60 141 33 26 46 49 21 9 74 73 162 79 158 37 81 105 123 84 41 
153 0 82 146 149 33 70 12 151 117 156 109 158 11 142 15 51 59 64 13 35 162 159 
58 121 86 81 18 73 19 56 161 115 108 141 99 110 131 84 77 46 163 51 150 83 
148 120 81 20 100 5 102 78 69 39 153 16 11 52 163 24 71 35 0 14 14 
33 31 42 131 77 12 144 41 92 159 63 16 19 14 15 30 72 149 72 78 
35 89 60 81 124 6 155 69 93 125 87 50 51 101 45 14 123 158 74 
113 149 14 163 14 31 163 40 35 134 0 98 93 40 36 154 39 2 
6 118 27 38 34 83 52 114 103 148 105 64 68 72 2 149 87 
90 61 129 104 125 30 145 136 121 139 75 5 110 51 40 160 
143 69 4 34 111 43 95 21 13 142 128 0 134 2 144 
146 29 71 104 65 55 63 150 128 130 134 84 158 148 
48 138 55 61 40 73 123 19 10 84 59 14 5 
131 12 32 96 124 110 106 100 138 0 105 102 
19 42 10 62 35 154 66 93 2 134 118 
160 105 145 162 48 109 72 147 31 100 
94 80 72 30 2 2 0 163 90 
143 149 107 25 81 35 147 23 
72 33 146 13 147 35 20 
134 150 38 125 1 13 
121 147 0 123 9 
35 70 72 133 
26 52 139 
152 35 
123 

