100 200
196 83 175 3 64 138 137 42 19 18 31 35 76 70 30 14 9 199 69 140 11 158 173 92 68 32 161 120 52 179 75 130 200 78 6 200 200 200 126 200 200 12 200 200 200 13 185 63 200 80 200 200 200 200 200 200 63 200 133 200 89 200 40 104 200 164 81 186 152 159 102 188 71 19 94 62 25 112 73 103 139 106 125 59 128 131 185 24 27 86 178 21 111 146 113 84 26 82 75 
94 160 119 82 43 170 171 110 183 120 41 67 157 128 189 106 86 123 188 97 99 114 141 199 173 48 5 140 182 29 200 112 129 186 85 20 200 200 200 200 157 200 200 200 29 116 73 200 200 131 200 200 200 200 200 105 200 14 200 55 200 200 46 77 50 91 83 127 200 25 39 45 108 113 172 35 104 179 32 76 23 177 185 54 60 105 27 2 181 147 34 156 58 80 74 130 61 116 
180 96 42 181 26 84 192 8 66 88 1 5 48 137 117 133 159 62 20 156 178 140 101 143 70 170 0 97 43 150 200 121 2 200 200 200 200 200 200 4 200 200 200 165 12 108 200 200 200 200 200 200 200 200 84 200 65 200 105 99 165 200 95 200 38 177 74 116 149 171 172 141 132 103 3 85 161 124 174 118 60 106 123 109 157 168 7 39 91 25 24 56 122 78 52 197 189 
27 173 141 24 83 59 109 9 38 56 19 184 172 16 168 57 14 135 147 72 50 171 176 112 136 174 102 164 28 129 3 10 37 60 200 200 200 200 192 200 200 200 164 45 84 200 55 200 200 200 200 200 181 79 200 200 200 192 200 200 145 126 200 200 131 15 200 155 119 200 47 85 117 197 20 195 125 42 120 26 199 177 77 70 61 0 149 51 194 11 5 48 146 33 91 165 
34 50 22 38 185 101 159 106 182 13 4 198 98 116 20 49 5 123 67 162 0 160 154 93 60 126 192 81 31 82 30 118 86 35 13 83 200 139 200 200 72 89 55 43 200 183 200 200 200 200 61 200 198 200 200 200 54 200 200 200 200 200 200 200 103 200 196 127 95 17 164 178 58 140 88 53 200 133 186 45 1 174 153 131 29 79 104 51 12 114 187 156 15 71 17 
158 14 94 161 139 86 191 199 84 114 168 3 174 180 59 122 0 27 2 60 185 10 105 182 98 141 145 194 95 120 110 200 96 8 200 200 79 200 200 200 166 54 188 116 200 200 200 197 150 200 200 70 200 200 200 19 183 200 111 200 152 200 200 176 200 200 135 39 19 23 1 200 172 44 200 196 90 175 80 91 169 17 140 119 144 36 31 22 76 28 17 142 181 12 
193 72 106 94 60 182 6 5 24 74 194 23 78 200 120 85 119 95 88 191 7 187 61 51 166 21 39 144 200 93 91 130 200 14 200 107 200 200 200 45 55 55 200 156 200 200 200 200 10 104 4 200 200 121 45 200 200 200 178 200 153 200 12 200 3 200 47 139 9 127 90 53 165 71 175 148 2 41 77 118 43 143 26 68 56 154 112 46 173 176 199 188 164 
194 36 30 38 198 115 75 67 108 51 47 31 80 4 103 77 28 195 81 107 186 43 150 170 71 154 35 58 162 46 155 41 82 109 75 200 200 200 29 9 54 200 200 34 200 200 200 200 200 89 200 200 200 153 200 117 200 200 200 200 64 200 200 90 173 177 134 200 145 200 158 74 179 44 143 113 85 98 129 185 17 151 3 86 1 190 175 180 160 39 140 189 
6 144 27 24 196 9 189 60 136 17 106 129 75 187 61 105 148 102 98 91 80 90 5 82 16 85 154 184 58 65 109 149 128 108 200 200 200 87 70 107 200 200 200 200 43 200 200 200 73 200 200 34 192 200 200 68 200 87 197 200 23 200 200 141 161 108 172 200 92 137 200 127 163 158 71 7 50 79 116 114 73 15 156 126 95 117 21 125 67 48 5 
48 46 14 154 63 193 167 86 150 99 85 53 69 81 135 105 71 121 175 133 180 107 25 97 184 191 179 160 168 176 94 5 188 200 111 200 188 63 166 200 200 200 200 200 200 62 200 13 33 200 200 107 200 200 200 200 76 200 200 84 200 37 200 38 165 200 42 27 83 149 23 47 41 131 200 158 163 29 128 39 173 118 103 122 72 34 152 98 93 108 
164 21 25 54 191 117 104 76 50 38 147 17 155 180 11 190 137 42 126 175 87 152 6 96 140 86 187 145 113 178 85 17 41 115 200 45 108 9 200 200 200 53 200 200 3 200 100 200 200 200 170 200 200 200 99 200 200 200 1 200 200 186 200 12 200 72 200 200 110 13 23 166 95 93 12 88 55 120 195 62 167 15 79 49 74 80 165 31 70 
130 83 166 185 13 93 128 71 181 61 148 88 22 33 36 28 75 96 177 19 35 122 165 56 146 119 15 44 20 200 54 200 169 200 198 166 5 108 200 200 200 200 200 200 200 12 114 200 58 188 200 150 200 200 200 200 200 98 200 200 11 200 153 40 67 200 200 68 200 144 157 167 195 49 186 116 117 100 30 196 129 39 142 110 48 125 92 170 
129 153 102 99 44 113 173 10 108 179 126 154 188 163 54 183 122 142 134 127 86 92 115 112 168 11 75 71 8 5 29 200 65 198 185 153 200 200 200 200 200 200 60 200 198 200 200 200 170 187 81 121 196 200 200 200 200 4 200 200 25 139 200 181 101 13 200 174 161 193 34 200 136 2 189 137 66 49 150 151 166 132 6 40 53 143 198 
9 16 111 121 89 166 101 189 143 105 58 190 78 149 48 20 8 164 158 33 156 55 187 176 107 119 123 40 5 98 200 59 75 17 29 200 200 200 200 146 200 200 200 100 200 152 200 4 104 200 200 200 200 200 200 200 200 200 200 15 192 200 200 22 23 200 142 96 24 72 38 155 125 198 133 165 61 185 41 134 94 145 130 131 44 9 
5 139 5 164 141 79 134 13 73 185 166 54 63 141 100 153 121 116 165 198 17 43 63 73 47 164 79 41 166 89 153 159 25 111 4 89 29 89 12 170 54 185 174 17 164 12 180 166 54 165 134 43 189 55 43 166 100 12 134 77 75 75 164 107 75 29 70 108 107 17 63 100 163 87 134 4 107 170 100 188 166 19 79 19 18 
40 23 51 138 56 76 140 26 194 96 139 2 123 161 129 47 60 120 81 148 132 118 124 53 42 142 157 47 182 90 89 107 153 154 18 103 151 21 75 200 200 141 200 200 200 198 200 200 200 200 200 200 200 200 200 200 200 200 4 200 200 200 200 200 177 158 175 86 108 149 113 165 73 190 152 3 168 14 101 111 117 144 97 170 
77 124 26 36 49 121 132 160 150 177 173 28 197 50 189 186 114 135 169 107 133 82 163 30 95 100 194 69 165 100 17 4 88 97 152 120 44 200 147 146 166 178 91 196 165 200 200 200 200 200 200 200 200 200 200 200 200 166 200 200 200 200 0 21 200 38 200 200 181 192 185 200 182 195 89 27 86 3 57 183 112 105 188 
131 37 170 142 146 35 159 151 67 88 58 40 172 189 89 138 191 60 11 36 195 187 52 182 13 148 92 168 84 54 47 78 200 8 163 200 114 200 200 153 200 200 200 89 200 200 200 200 200 200 102 200 125 200 200 200 73 200 200 147 200 80 200 82 144 200 1 161 31 54 134 57 91 183 186 176 120 65 126 81 171 43 
33 3 14 188 58 59 130 141 132 46 155 62 189 66 93 190 167 125 197 10 146 68 171 87 134 145 60 134 189 45 123 27 61 95 172 200 40 198 79 22 73 200 153 200 200 200 200 200 200 200 200 178 200 200 200 108 200 200 200 200 200 200 200 138 200 90 200 111 107 200 187 57 31 78 147 82 151 169 184 29 185 
17 35 102 0 65 5 59 129 193 98 76 70 155 55 4 7 16 72 23 160 116 52 54 36 1 111 105 87 70 38 22 101 32 125 200 142 15 139 186 110 156 141 200 136 200 200 200 200 200 49 200 200 200 200 198 200 200 200 34 200 200 200 200 200 200 200 200 84 124 77 9 194 28 53 104 105 60 18 196 63 
33 94 186 76 161 166 109 60 32 130 73 194 128 106 121 145 103 142 95 23 53 43 162 15 147 84 84 141 176 26 31 196 153 97 68 124 47 200 200 200 4 200 200 200 200 200 200 200 200 200 200 200 200 170 110 200 120 200 200 200 171 200 200 69 135 114 189 175 58 190 152 192 71 164 158 104 155 107 12 
30 137 21 138 130 172 80 1 132 108 148 63 52 193 62 74 112 15 194 57 54 18 28 71 189 13 87 99 123 106 67 32 110 34 162 141 149 200 200 116 6 200 200 200 200 200 200 200 200 50 200 200 70 200 200 200 131 200 200 200 200 200 200 200 9 108 95 183 23 42 155 168 77 184 93 143 26 79 
104 142 176 122 186 97 44 197 192 117 177 124 145 92 163 71 50 144 185 189 184 151 39 63 9 79 90 74 21 171 114 200 200 12 54 200 28 193 84 200 200 61 200 200 200 200 200 200 200 200 200 5 200 200 200 6 200 200 200 126 200 24 200 25 108 200 8 48 149 200 37 11 170 120 47 76 166 
96 136 147 65 57 151 188 108 121 159 185 144 196 85 98 69 130 167 9 127 175 97 134 75 141 139 172 56 51 11 163 194 40 5 133 156 68 73 200 200 200 22 48 200 200 200 200 200 200 200 73 200 200 200 200 200 200 200 200 200 17 28 200 192 200 177 200 197 200 117 39 36 112 23 124 153 
31 178 145 61 128 79 43 38 157 29 47 181 179 75 112 132 68 19 45 66 16 166 54 63 169 56 0 189 174 78 48 200 134 14 64 200 139 197 129 200 200 72 200 1 200 153 200 200 200 153 200 200 200 200 188 200 200 200 200 200 200 200 73 200 200 52 99 200 3 118 125 18 36 195 157 
72 52 197 168 48 105 47 30 183 83 27 182 21 115 12 191 198 102 156 38 29 157 75 40 41 94 147 99 112 118 169 100 135 111 123 188 22 109 54 53 146 200 200 200 200 200 200 200 198 200 200 200 200 200 200 200 200 200 200 200 97 43 91 200 6 139 200 62 51 174 110 20 133 47 
90 7 106 137 9 96 61 117 13 74 23 39 152 184 18 165 126 119 46 63 87 164 58 63 93 73 180 144 154 128 4 194 35 182 189 135 64 86 200 84 34 200 200 111 66 200 200 139 200 200 200 200 200 200 200 200 200 200 200 200 153 200 60 200 100 200 68 134 8 200 171 37 139 
37 169 165 5 100 18 115 31 182 67 151 162 124 146 166 111 34 171 5 29 188 184 82 49 158 64 36 141 56 87 58 177 27 47 13 101 3 187 66 200 200 200 200 200 200 200 157 200 40 200 200 97 200 200 200 200 200 200 180 157 200 200 200 200 200 69 74 29 113 150 122 134 
33 174 189 55 133 150 0 69 190 32 63 59 81 166 135 131 8 17 43 192 85 83 65 145 78 134 181 163 54 70 121 200 47 200 200 200 200 200 100 200 200 200 6 147 138 164 200 200 200 200 200 200 200 200 200 200 200 82 185 200 128 113 200 200 171 96 200 24 132 126 164 
67 19 70 147 188 157 36 156 18 180 135 50 157 178 64 191 45 153 9 21 88 184 102 62 59 58 172 192 119 200 127 170 200 200 200 57 200 200 200 200 173 200 200 200 108 86 200 200 200 200 112 200 200 16 91 200 200 47 79 200 200 200 200 104 109 132 35 97 120 29 
89 120 54 66 21 105 78 187 134 64 84 19 117 18 24 63 13 170 77 28 115 162 173 33 20 32 107 1 38 145 166 200 5 135 200 200 200 109 200 200 200 83 200 55 200 200 200 200 200 200 200 200 200 200 200 200 165 69 139 200 200 200 7 140 199 200 57 104 17 
12 84 84 84 164 63 5 116 166 192 88 198 189 84 98 133 115 188 87 164 87 12 192 75 116 183 75 192 188 113 70 141 134 134 165 17 188 164 73 9 29 189 110 55 43 107 63 87 188 54 84 107 108 4 9 199 19 107 141 12 157 170 188 12 17 79 54 52 
2 147 41 90 11 4 94 80 136 5 190 78 161 157 43 47 18 59 123 124 67 3 74 118 84 172 1 99 5 49 50 8 93 143 184 10 26 146 109 53 200 9 200 200 200 200 200 200 200 200 200 200 200 200 89 200 200 200 200 85 159 200 200 200 141 182 79 
8 163 156 34 143 24 195 82 17 5 37 40 12 89 79 113 70 27 10 134 64 15 199 84 66 22 124 100 179 123 0 189 149 72 176 65 132 200 200 200 100 200 150 200 164 200 200 200 200 200 200 92 62 13 200 200 200 200 56 41 200 200 200 200 58 12 
118 10 110 79 57 6 107 5 131 11 7 105 164 108 86 91 175 80 136 39 46 178 4 113 171 28 116 167 133 161 72 158 0 163 200 200 200 200 200 43 200 200 200 200 200 200 200 200 127 200 200 200 153 179 200 200 200 87 56 116 200 200 200 34 84 
44 70 93 33 92 135 12 96 138 32 115 116 185 142 139 172 179 86 101 146 117 5 102 103 162 105 94 66 164 125 18 46 200 200 26 200 158 200 9 183 69 200 200 200 200 200 200 200 200 200 200 19 200 200 200 200 200 200 200 149 200 64 200 79 
59 123 177 167 102 70 64 99 83 192 198 70 63 4 79 155 26 190 160 127 84 128 24 135 84 1 53 193 150 67 98 21 20 35 52 200 200 5 148 200 200 200 200 200 200 200 171 200 200 200 116 200 168 200 200 200 200 200 157 200 200 68 139 
111 27 29 88 157 128 167 170 12 188 17 135 175 125 143 8 94 152 7 45 153 68 54 87 188 49 77 43 96 108 24 139 192 199 69 106 134 112 200 142 200 200 200 200 200 200 200 200 200 189 81 200 200 200 200 200 200 200 200 200 183 73 
153 103 140 170 115 6 22 189 45 105 160 16 150 137 53 40 64 152 108 62 69 126 70 61 9 122 120 200 114 36 200 186 200 200 200 165 92 200 200 200 46 200 51 200 200 200 200 200 89 200 200 200 33 119 200 200 200 147 178 99 198 
182 129 189 48 149 67 188 189 70 133 167 161 159 77 54 150 37 198 86 118 96 9 58 128 16 171 49 40 74 30 25 72 4 60 166 31 83 193 200 200 200 200 200 200 200 200 200 29 12 200 200 200 200 200 34 200 200 200 200 63 
35 107 125 77 49 63 54 107 72 17 165 169 27 118 193 143 105 40 4 172 87 88 154 91 87 33 26 111 187 2 131 197 180 73 76 200 200 62 200 200 200 185 200 200 78 89 105 200 200 200 200 200 200 200 200 200 200 174 153 
79 22 158 75 167 153 63 83 187 169 6 156 103 19 195 170 199 151 11 141 163 168 49 127 74 20 66 37 180 39 47 130 75 161 51 61 174 173 33 200 200 92 197 200 200 170 200 200 200 200 200 200 71 7 200 200 200 116 
198 47 47 181 126 44 107 84 185 166 164 87 170 139 74 13 9 108 67 157 17 116 73 5 189 17 157 134 153 166 73 136 19 55 108 89 100 45 192 164 4 70 198 100 37 47 13 29 73 47 166 89 165 19 13 19 196 
44 81 134 100 166 42 65 97 175 181 74 110 114 153 183 93 60 19 10 130 186 69 11 63 113 55 147 78 52 70 164 122 199 13 182 101 109 146 46 160 200 200 12 188 200 200 75 200 90 200 200 200 200 200 200 105 
31 73 12 188 148 194 104 108 70 159 139 98 192 24 79 25 105 191 85 2 16 7 82 181 101 76 135 106 14 9 91 41 118 171 107 35 200 62 200 200 22 200 188 187 19 200 200 200 200 200 200 200 200 200 116 
70 45 84 27 113 154 188 79 93 121 2 47 29 142 86 13 109 92 185 123 179 138 30 21 117 175 51 104 189 105 25 34 103 102 197 130 78 87 26 110 200 63 169 200 200 13 200 200 200 200 200 200 200 170 
139 14 107 189 164 89 198 4 12 134 11 12 29 198 26 189 63 153 141 9 43 107 100 157 45 17 153 103 100 105 105 75 9 166 157 198 63 4 157 13 57 105 73 87 13 134 185 54 45 141 165 55 145 
141 89 4 43 198 87 19 29 141 31 134 87 164 42 108 116 43 134 188 157 63 185 134 116 89 166 151 70 55 141 54 55 105 165 164 9 166 185 87 44 166 166 116 19 43 185 87 70 12 170 165 60 
108 17 13 63 89 17 45 188 2 189 134 108 143 100 70 107 165 47 13 153 43 189 75 4 89 85 185 116 198 55 47 100 19 134 47 12 153 4 66 47 141 63 105 134 89 55 55 89 134 12 195 
5 37 198 51 193 156 81 45 110 124 141 19 126 10 130 153 174 159 65 50 0 82 199 16 29 111 131 177 3 186 187 80 200 44 151 200 195 5 200 200 95 200 200 200 200 200 185 200 7 79 
197 71 162 7 124 144 157 104 52 119 4 90 114 146 76 117 192 174 184 48 150 185 137 108 46 143 33 180 155 182 2 177 110 23 200 200 43 200 132 200 200 54 200 200 200 200 93 200 157 
39 185 52 113 44 5 50 23 47 170 46 112 158 179 83 16 18 78 51 174 38 19 73 181 139 110 193 192 190 36 1 59 191 33 10 55 58 200 200 200 200 200 200 200 200 200 200 100 
122 30 42 35 9 55 100 37 17 57 125 83 20 12 101 56 90 121 2 191 27 54 50 38 149 178 168 25 160 184 21 148 99 126 87 18 200 94 200 200 200 200 200 200 200 200 165 
16 52 158 54 176 143 118 89 25 148 88 18 123 33 149 126 183 133 130 41 87 36 57 76 179 83 30 193 121 200 96 200 200 55 200 200 200 72 169 200 200 200 138 163 200 29 
102 42 89 111 25 106 12 164 82 10 1 71 57 23 5 88 162 56 195 116 180 96 131 92 35 137 53 109 140 9 31 76 139 200 200 41 200 67 200 200 200 99 200 128 105 
155 75 6 30 32 170 98 158 80 85 4 174 27 73 162 122 8 92 189 90 44 55 195 53 95 172 101 78 138 112 200 19 13 25 200 200 200 135 133 200 200 200 200 29 
17 74 170 103 79 129 173 138 66 159 156 62 168 99 190 196 21 13 34 5 8 142 49 122 64 200 132 145 115 46 165 51 200 88 200 200 200 200 200 200 200 200 189 
141 17 100 27 157 75 73 54 89 188 13 153 198 73 107 43 41 70 84 89 87 55 115 153 141 47 170 43 4 168 4 87 43 47 79 192 153 139 105 165 116 0 
173 36 164 17 140 127 122 136 88 179 10 112 77 93 97 189 167 130 109 121 156 43 177 56 67 101 0 181 189 32 68 187 49 26 200 200 200 200 200 200 100 
107 157 39 2 189 62 176 21 190 182 123 125 198 32 141 175 20 184 95 42 128 26 181 146 3 200 200 12 138 200 200 131 200 200 200 81 200 200 200 55 
188 5 144 148 19 94 92 175 136 184 16 167 187 79 2 191 69 189 14 57 137 29 85 74 45 173 73 152 65 155 30 97 169 200 200 200 177 200 170 
79 29 166 165 5 165 107 43 165 79 166 12 130 116 189 45 12 5 9 164 188 139 192 29 47 65 79 185 134 13 116 105 5 153 9 107 19 119 
122 119 63 8 24 148 47 52 128 149 114 165 152 137 159 37 59 91 194 34 15 54 40 7 89 196 56 20 195 77 200 160 178 124 200 200 12 
21 181 178 182 155 28 167 24 132 196 13 166 94 97 99 197 58 188 108 31 119 190 34 75 200 162 151 200 61 200 69 200 71 30 200 198 
75 30 99 42 57 55 34 82 20 12 26 6 39 90 162 97 149 32 48 28 144 71 108 180 196 109 182 35 200 200 129 200 200 200 43 
45 51 142 172 92 160 91 159 166 168 56 32 28 151 80 41 199 96 13 193 183 141 52 55 191 112 140 146 44 46 148 176 50 75 
148 110 62 118 166 144 173 29 65 22 16 102 78 0 124 26 172 51 125 122 189 44 138 182 90 193 1 42 200 145 37 200 165 
90 102 144 18 145 190 73 171 129 7 35 96 11 169 161 109 133 79 65 12 6 95 47 94 117 199 66 130 179 181 194 73 
166 154 97 57 3 170 25 158 46 76 183 151 8 129 136 11 127 147 141 28 98 159 115 96 16 86 85 49 118 200 189 
161 46 134 124 153 137 32 122 146 61 64 39 69 80 189 196 93 73 82 129 133 68 81 119 191 44 106 72 33 17 
53 42 1 157 106 61 79 15 13 36 89 14 77 31 129 160 5 43 62 103 7 82 109 137 9 142 68 158 45 
92 129 79 56 47 169 27 121 68 127 61 104 10 48 120 79 118 114 165 136 101 137 67 31 76 38 51 87 
160 45 157 114 81 150 122 101 20 15 22 190 179 184 165 23 50 176 16 136 155 85 72 77 80 123 45 
75 143 79 185 43 150 66 7 154 151 168 2 0 107 146 127 10 193 191 113 62 50 167 147 80 29 
107 170 157 47 141 198 45 134 198 157 73 43 51 43 87 79 198 139 105 188 157 139 164 107 62 
28 14 55 24 61 95 145 20 48 140 155 75 53 42 124 29 198 160 193 186 66 156 146 13 
91 196 144 164 81 64 155 152 88 95 198 45 153 174 151 177 126 110 138 187 109 59 75 
63 143 191 138 95 38 115 178 154 17 163 59 28 87 50 180 15 49 137 162 103 19 
66 1 113 7 73 132 41 115 12 71 173 138 32 64 161 197 148 50 2 11 170 
27 178 140 106 6 169 127 87 176 154 139 81 57 98 180 15 163 166 152 79 
154 83 119 160 15 17 139 40 161 8 163 184 162 22 195 159 89 14 188 
37 120 123 101 119 29 22 14 115 132 48 32 59 192 190 135 3 87 
36 35 150 54 100 49 171 4 8 162 65 45 0 58 96 132 70 
94 137 149 84 65 176 117 10 178 148 32 143 68 90 30 75 
153 8 75 46 109 65 128 179 194 169 136 29 170 55 79 
13 108 16 96 55 14 59 106 6 154 52 84 69 166 
166 39 72 98 103 53 102 187 24 199 167 15 13 
157 45 47 170 75 153 12 54 166 139 165 93 
20 14 192 121 183 159 68 67 10 191 4 
64 37 142 197 125 193 136 140 131 13 
172 104 131 0 114 177 58 21 192 
52 76 111 88 41 145 74 45 
195 115 42 22 102 40 47 
36 33 116 59 38 70 
93 25 151 186 153 
127 78 63 166 
168 64 188 
115 165 
198 

