100 67
6 15 31 1 29 35 64 58 53 46 38 52 41 45 17 31 12 32 13 19 27 54 11 36 9 47 67 34 67 5 67 67 14 40 67 3 24 20 67 23 67 67 7 57 67 67 16 67 67 21 67 67 67 20 67 67 49 14 51 67 67 67 67 67 21 67 22 66 20 28 18 67 4 10 33 26 37 2 55 23 63 48 22 24 65 66 20 60 62 28 14 50 8 30 25 16 61 56 20 
28 63 24 30 12 65 43 41 37 64 0 40 49 25 41 39 1 67 20 21 26 67 67 27 10 38 60 67 67 66 67 51 16 67 67 57 24 67 67 67 32 67 23 67 23 22 67 67 67 67 67 67 24 67 9 67 41 33 29 15 20 67 67 54 67 52 38 40 44 67 35 62 34 53 39 47 13 46 15 17 19 14 15 8 50 4 5 31 23 23 45 36 56 58 4 7 48 42 
41 22 37 53 62 57 11 15 57 14 29 21 53 45 24 44 57 62 14 53 18 21 51 57 54 40 31 24 37 54 49 2 31 53 58 46 31 53 43 54 18 9 52 52 8 23 40 43 2 40 31 63 53 43 22 47 31 22 14 37 43 18 0 54 53 52 33 27 54 57 66 41 40 31 62 31 20 1 20 42 26 64 24 21 17 23 62 61 12 41 43 52 43 38 44 62 10 
7 45 44 8 34 42 26 66 50 41 47 60 15 59 10 5 35 63 56 64 67 48 67 67 38 57 61 67 67 22 16 67 29 52 15 67 67 67 67 67 2 33 16 37 67 67 67 67 67 67 4 67 49 67 2 67 67 46 67 55 67 14 67 58 67 19 51 6 67 40 9 39 25 54 0 12 14 53 18 40 23 42 36 16 30 65 37 31 1 11 20 27 28 13 17 52 
34 65 36 66 2 58 39 23 54 17 30 16 6 21 43 18 60 63 12 55 25 67 67 31 56 67 29 67 18 51 67 67 18 20 67 32 27 67 67 42 67 67 52 67 67 67 53 67 67 44 67 67 67 23 67 67 67 67 45 67 42 3 18 67 54 53 67 49 20 4 28 9 13 8 48 52 35 33 20 44 26 64 15 47 10 31 57 0 5 11 59 40 38 61 44 
63 66 17 40 3 6 26 62 32 47 62 10 9 7 27 56 12 55 43 54 5 48 23 67 49 13 46 53 15 67 57 42 62 67 65 0 67 67 44 67 67 15 67 67 67 67 67 67 15 67 67 67 21 67 67 67 67 67 67 42 67 67 67 4 2 1 61 43 33 67 67 67 58 25 52 11 51 28 24 38 16 42 8 44 21 14 64 41 35 60 62 39 19 22 
6 50 57 61 57 1 31 7 66 20 45 46 33 22 10 29 13 64 14 49 56 26 0 27 19 67 20 22 16 67 52 62 67 67 67 9 67 54 67 67 22 67 67 67 67 67 67 42 67 67 67 54 30 67 67 34 67 67 51 67 67 67 20 14 67 60 18 11 59 36 67 48 3 41 67 8 2 2 62 39 23 38 23 54 43 32 58 55 5 28 47 43 4 
35 16 19 49 46 41 48 26 62 33 4 31 15 45 11 40 61 12 56 57 37 1 29 67 67 43 20 67 67 22 23 67 67 67 67 67 51 67 67 40 10 67 67 58 67 67 44 67 67 67 21 67 67 67 38 67 67 23 67 67 67 41 28 67 33 2 18 67 7 24 58 47 14 55 3 21 22 60 63 22 42 30 53 52 17 27 62 0 20 34 32 54 
44 51 32 30 62 11 45 8 25 12 10 60 8 9 5 39 61 27 21 0 67 67 67 55 43 53 38 67 22 18 46 67 67 67 37 28 15 36 37 67 67 47 67 67 59 4 67 67 67 57 67 67 67 67 67 67 4 67 67 67 41 54 67 23 31 14 20 42 29 9 2 37 6 67 54 24 63 33 28 49 56 62 31 67 7 65 48 54 3 26 15 
57 41 62 13 14 21 63 52 42 23 40 40 2 24 31 57 24 54 44 14 37 31 21 26 4 37 16 36 59 43 2 37 20 44 66 37 37 30 28 21 57 44 31 14 58 15 2 20 7 62 44 4 37 41 14 33 40 43 2 25 60 41 53 12 28 40 44 31 18 41 3 2 53 50 46 18 44 39 18 43 48 0 18 21 44 28 65 57 2 55 
10 45 22 29 24 21 30 50 18 47 0 27 31 32 41 65 17 67 11 33 16 6 22 23 67 67 24 52 2 67 59 25 67 28 67 67 4 53 1 67 54 67 67 51 67 67 67 22 67 67 67 67 67 67 18 56 9 67 44 21 67 67 2 7 67 67 34 46 14 20 66 55 62 42 20 39 43 12 13 42 37 39 49 36 64 57 35 5 43 
5 40 23 11 21 50 56 1 17 34 47 58 13 60 31 0 3 30 26 61 48 41 43 8 14 37 41 44 26 67 67 55 4 54 33 4 67 45 67 67 67 67 52 67 67 67 15 67 67 67 67 63 51 43 67 67 7 41 40 67 67 21 2 67 27 46 62 16 4 64 29 28 20 52 24 37 9 12 52 28 67 28 25 36 41 65 9 42 
41 9 48 43 20 38 3 29 59 7 8 47 4 33 25 12 6 15 55 65 54 21 17 56 18 31 40 67 67 24 67 21 18 67 28 67 63 67 67 66 67 43 67 67 67 51 67 67 67 67 67 67 21 67 35 67 28 22 67 67 53 67 28 58 67 47 11 53 67 67 20 44 2 10 54 13 60 53 44 42 34 49 32 4 27 37 18 
2 43 66 62 40 28 31 24 57 53 20 23 43 37 44 51 42 52 15 52 64 24 18 61 5 24 23 31 43 16 8 6 3 12 28 62 14 18 44 18 1 15 37 43 35 53 37 1 37 44 54 55 14 22 4 17 59 40 42 25 15 16 2 44 22 2 34 24 20 60 16 51 54 18 37 53 63 33 28 18 53 51 24 15 22 9 
39 44 3 60 26 5 36 65 27 51 31 24 55 46 8 13 15 67 41 22 1 66 40 20 67 67 67 67 67 40 67 59 21 67 67 34 67 67 67 54 67 67 67 43 67 61 0 67 67 67 54 67 67 67 18 44 67 56 54 67 67 19 67 10 58 20 25 67 52 14 56 38 14 35 33 16 52 67 6 37 40 53 12 30 28 
28 27 64 4 12 55 31 61 33 38 63 35 1 19 7 5 41 4 23 2 6 24 37 67 62 26 67 9 14 50 67 14 67 67 67 67 67 67 37 67 67 67 16 36 67 10 67 67 67 15 32 67 67 15 40 67 67 2 44 67 67 67 11 42 51 67 67 2 37 29 13 43 46 34 52 28 65 59 58 3 22 67 0 54 
41 44 22 62 18 14 21 41 57 53 40 57 41 43 4 21 11 49 40 44 6 13 20 2 15 14 4 7 28 22 34 51 21 2 23 23 18 33 4 52 37 1 15 16 40 16 43 28 46 14 24 52 32 65 24 51 42 53 2 22 43 23 23 30 14 14 48 27 31 53 56 42 2 36 10 53 44 53 15 35 40 23 29 
19 32 13 48 52 17 66 55 8 60 47 65 35 26 56 52 23 57 39 2 44 38 0 46 36 11 62 29 49 2 67 67 28 9 67 67 2 67 5 16 37 67 1 67 67 67 67 62 67 67 67 37 37 67 67 24 67 67 67 22 67 4 18 42 61 41 44 14 54 18 14 9 23 18 58 31 34 7 65 64 67 15 
49 63 61 58 36 29 62 17 34 48 55 14 27 66 18 15 30 47 54 23 33 11 39 8 67 22 67 25 20 67 67 3 67 67 67 31 67 67 59 4 67 67 67 24 67 67 43 67 67 67 2 43 65 67 2 67 67 53 67 67 6 4 41 67 4 23 13 52 28 39 57 24 20 5 67 31 45 22 55 16 15 
65 50 39 0 15 28 12 58 64 38 17 60 25 2 42 63 11 15 40 55 35 61 53 46 62 36 30 18 21 67 67 67 67 67 42 16 67 67 4 9 67 19 29 67 67 62 67 67 67 20 14 67 47 51 8 67 67 67 67 44 15 67 59 23 20 67 67 41 34 67 40 23 67 39 24 67 41 45 6 54 
9 34 33 7 11 38 39 10 61 59 1 0 41 51 3 44 31 37 6 58 57 66 56 43 67 53 14 20 48 49 67 67 67 18 67 67 64 18 67 67 67 67 67 55 31 67 67 67 42 42 67 67 51 67 67 67 67 67 67 2 67 67 18 22 67 32 28 45 61 4 24 67 26 23 67 59 36 67 52 
18 49 5 63 46 26 22 58 66 33 32 20 20 29 38 28 20 3 13 11 35 19 15 39 6 4 4 41 65 64 67 25 28 67 67 67 41 67 67 67 67 67 67 16 67 67 47 37 54 67 67 52 67 67 67 67 67 67 57 67 67 2 4 67 67 37 43 1 57 4 67 30 1 67 42 62 7 54 
32 37 35 6 45 40 59 25 0 1 37 20 55 21 23 14 10 3 33 13 30 53 38 48 24 36 15 24 61 46 67 53 44 8 67 41 67 67 67 67 67 67 23 67 67 19 31 42 67 67 16 67 67 67 67 67 67 52 67 67 22 57 67 67 51 67 5 51 51 67 67 17 67 43 5 64 16 
26 45 7 16 63 39 9 50 19 23 41 48 35 44 42 1 30 66 6 34 57 60 56 37 38 65 67 29 67 47 14 28 67 52 54 67 24 67 67 67 4 2 37 67 67 15 53 24 67 22 67 67 67 67 67 67 21 67 67 40 57 67 42 53 67 8 2 14 67 10 46 67 14 23 25 23 
8 45 65 25 10 3 56 50 57 16 44 30 21 54 11 48 38 19 63 42 17 46 16 14 49 18 35 59 34 21 62 44 53 31 13 9 66 67 67 67 2 67 67 67 16 41 67 1 37 67 67 67 6 67 67 16 67 67 54 2 67 67 54 67 58 40 37 67 67 22 67 4 60 27 44 
32 36 19 50 30 22 59 44 2 5 37 40 43 66 34 58 46 64 37 23 29 16 49 6 10 42 7 56 51 26 1 24 52 63 13 67 67 65 67 51 67 67 67 62 40 67 67 62 67 67 67 67 67 67 23 67 67 21 21 39 67 62 67 3 31 44 67 67 47 67 41 43 67 40 
50 11 25 36 2 13 4 40 52 55 51 40 41 29 34 66 1 15 58 19 28 64 26 67 60 48 55 37 67 67 67 54 3 39 67 67 67 59 43 66 67 67 62 37 67 67 16 67 0 67 61 67 67 20 67 67 51 57 67 67 14 67 64 54 37 9 16 67 67 42 67 14 51 
61 15 11 6 43 20 14 46 8 44 40 30 5 19 27 67 51 67 13 51 67 67 33 67 64 32 15 67 67 67 31 67 67 67 9 67 67 44 38 67 22 31 43 3 67 2 67 67 67 67 59 67 14 1 63 18 41 47 67 62 67 18 53 20 67 66 12 67 23 67 29 42 
53 32 21 52 51 40 4 49 16 41 56 24 65 14 36 40 45 27 31 50 30 7 39 14 67 53 5 62 33 22 6 67 67 58 17 67 16 67 67 67 54 28 67 67 24 67 67 67 67 55 67 18 67 67 18 28 67 9 16 67 67 51 16 67 67 13 35 15 59 67 22 
21 63 17 62 54 26 64 20 44 9 45 16 29 23 54 7 3 28 33 35 48 52 34 66 40 49 46 32 44 2 67 12 67 67 22 18 67 67 67 16 51 67 67 54 60 67 67 67 67 67 31 67 36 16 20 67 67 16 67 20 24 52 67 67 67 67 51 67 67 37 
65 47 2 14 45 34 20 22 19 10 8 50 38 24 49 51 54 0 64 53 55 56 41 40 46 4 57 23 67 67 67 67 67 67 50 67 67 67 23 28 39 67 28 67 67 67 67 6 67 22 67 67 2 31 67 67 62 67 67 2 18 67 2 67 63 44 67 67 42 
30 20 51 11 48 43 20 57 47 62 58 32 43 53 7 52 18 46 25 49 3 36 62 8 35 67 62 34 67 59 41 67 45 22 67 67 67 44 22 64 67 28 67 67 67 67 38 67 4 67 67 44 37 67 67 42 67 67 54 31 67 67 67 67 23 67 12 4 
62 22 49 63 21 51 34 64 26 10 8 31 9 22 28 27 16 29 24 63 45 57 33 58 35 4 67 14 36 60 67 2 18 67 67 67 23 28 67 53 62 67 67 67 38 67 67 44 67 67 54 62 67 67 43 67 11 42 44 67 67 67 67 31 67 39 20 
65 18 15 8 55 26 43 4 18 14 10 2 43 6 37 2 16 44 43 54 36 20 44 14 34 41 4 62 44 31 57 64 18 43 44 12 9 20 24 48 16 43 40 14 53 31 39 44 2 17 5 21 31 61 44 4 35 66 31 40 41 42 47 31 2 30 
14 53 10 1 37 42 52 14 28 34 52 15 27 28 54 16 23 24 23 13 31 24 2 55 62 40 22 16 20 31 3 24 24 31 5 58 24 54 22 20 22 14 2 37 23 7 24 2 11 56 22 40 12 53 16 33 19 15 42 62 20 63 24 1 0 
65 22 40 58 25 15 64 47 62 10 60 41 34 50 6 27 13 9 23 59 33 0 31 67 7 67 67 67 67 24 67 67 21 28 43 67 12 18 67 67 67 67 67 67 20 32 67 43 31 67 19 15 67 67 37 53 67 67 67 56 31 67 67 51 
16 2 26 27 7 59 0 53 61 40 41 13 32 20 12 36 58 41 67 10 67 31 67 46 9 67 50 67 14 19 60 67 43 15 45 33 51 67 62 67 67 67 67 15 67 67 54 42 1 67 43 67 67 52 23 67 67 67 67 41 67 67 14 
50 37 59 62 28 24 56 52 43 35 52 23 51 37 2 43 60 24 44 15 0 23 22 15 53 28 21 38 57 57 28 34 64 43 44 30 42 37 23 52 18 20 13 51 40 9 17 23 21 26 28 18 25 48 37 22 6 20 33 20 42 63 
51 14 54 2 53 3 57 21 56 54 57 54 51 41 4 35 53 18 2 9 20 51 57 52 62 52 47 41 31 53 0 36 52 62 38 57 22 20 41 20 31 32 15 57 6 48 54 43 8 51 24 19 45 20 24 53 43 10 20 23 49 
18 13 39 29 53 8 61 52 5 7 23 50 17 16 54 22 63 25 18 49 4 64 65 59 47 21 27 67 67 41 2 32 67 8 15 67 67 67 67 67 62 67 67 52 43 67 0 51 67 36 53 54 35 67 67 67 40 67 67 18 
53 17 12 43 56 39 14 66 55 59 8 33 60 18 19 50 7 53 37 6 61 67 36 38 18 51 4 57 22 20 67 67 20 67 67 67 26 67 49 52 67 67 44 43 67 1 44 67 67 43 31 67 67 67 67 44 16 67 40 
49 48 2 47 50 53 44 60 64 56 10 1 18 29 67 6 40 21 41 63 12 51 25 43 67 36 45 54 16 20 67 31 67 5 67 67 67 67 23 67 67 14 16 67 67 53 67 67 31 24 3 67 67 67 4 67 35 42 
33 52 3 34 22 56 0 60 62 1 48 28 38 30 47 4 44 31 5 67 23 11 21 45 14 67 57 16 7 67 40 38 67 37 65 67 67 2 67 67 42 28 67 67 57 67 43 62 22 67 61 67 67 57 67 67 21 
4 40 65 28 17 39 27 6 58 10 54 35 59 13 41 42 3 49 14 25 50 44 67 21 15 14 37 67 67 18 45 67 67 67 43 67 43 67 67 57 2 61 67 51 67 67 20 53 67 67 67 62 2 67 67 43 
41 22 0 15 42 40 44 20 15 18 40 28 22 49 54 42 37 24 62 40 59 62 43 4 27 17 31 44 29 16 54 4 4 16 62 60 52 54 45 1 4 18 32 15 21 64 55 16 61 16 41 19 41 52 48 
1 31 59 11 63 0 5 6 14 64 25 31 24 46 66 27 19 67 48 20 13 34 12 43 16 67 65 43 67 67 32 67 42 67 37 22 67 57 20 67 67 4 67 67 15 4 67 14 67 67 18 67 67 37 
18 35 9 58 2 0 0 21 55 45 11 57 12 54 38 0 42 67 4 31 10 64 28 2 14 67 22 67 26 67 63 67 67 20 67 67 44 4 67 67 2 67 67 23 20 67 67 8 67 41 67 67 44 
54 37 51 19 21 14 55 14 52 54 5 24 52 62 31 52 54 49 18 23 44 48 19 4 24 39 37 52 24 20 37 18 64 18 23 25 60 51 14 7 31 53 65 32 23 65 4 31 50 22 18 15 
47 32 30 39 11 24 3 61 46 42 45 64 22 37 58 65 23 60 12 25 24 2 55 9 54 19 1 67 40 41 26 2 8 67 43 62 67 67 24 7 67 15 22 67 67 67 67 37 67 67 43 
5 19 38 8 52 12 13 61 57 66 56 3 25 54 53 20 34 28 58 23 43 67 27 43 67 44 67 67 36 67 4 67 67 40 40 67 17 44 67 67 42 54 33 67 59 67 18 67 67 44 
40 35 17 20 15 11 12 15 55 19 39 50 30 8 52 22 62 9 54 20 13 52 52 0 38 46 45 66 1 14 67 67 15 43 67 67 57 67 4 43 23 36 67 67 67 37 67 67 62 
11 21 21 66 48 5 18 28 47 17 63 46 67 23 48 13 3 18 57 25 7 31 13 4 1 10 67 22 43 33 67 24 16 36 43 24 67 26 14 40 67 67 67 34 18 67 67 16 
61 54 6 57 65 20 60 63 52 47 16 9 2 55 8 29 37 52 49 2 42 33 30 12 19 25 15 62 67 56 54 53 67 67 52 67 67 31 23 51 67 67 50 4 67 67 2 
57 27 34 63 22 38 23 7 28 3 35 21 39 49 62 52 37 5 46 53 64 13 67 67 67 67 28 12 67 44 24 67 30 42 26 67 22 42 67 52 67 67 40 0 67 20 
61 15 18 39 14 24 20 54 24 42 25 20 16 44 64 45 41 42 65 62 42 31 44 41 53 29 40 4 27 3 54 40 47 57 24 59 21 21 23 31 14 49 31 62 56 
65 48 37 61 50 13 7 39 60 43 10 0 30 42 14 9 34 2 47 11 63 36 1 67 18 56 17 18 52 58 67 4 25 67 20 20 67 67 67 67 20 67 67 15 
19 42 56 60 55 66 64 39 22 7 38 27 54 31 51 6 28 67 17 67 67 12 67 28 47 32 16 57 53 67 42 36 67 54 44 29 67 67 67 40 67 67 21 
51 14 21 45 36 10 1 54 29 17 50 21 37 27 58 31 38 3 60 56 26 28 31 30 62 57 41 66 67 15 39 67 44 22 67 67 67 43 41 67 67 4 
20 62 23 54 31 43 14 20 44 18 11 63 37 57 59 20 43 24 57 20 24 6 31 24 13 50 28 2 10 52 23 30 25 37 28 31 24 3 57 28 26 
16 65 39 20 58 18 63 48 17 22 31 8 5 23 59 31 64 7 35 13 42 29 27 37 52 0 47 18 10 67 22 4 26 67 32 67 53 67 67 43 
35 17 8 0 15 12 30 55 37 57 10 43 21 26 25 38 59 5 33 62 48 67 24 2 11 27 37 67 67 21 18 67 45 67 67 20 49 67 18 
56 47 44 57 6 11 1 42 18 53 14 15 31 8 34 33 32 29 14 58 30 43 2 16 25 2 48 28 53 24 67 67 43 67 20 67 67 37 
11 26 42 35 15 33 18 40 59 10 17 55 45 21 62 27 5 18 13 1 18 53 14 48 22 32 46 43 2 8 64 67 49 52 67 67 44 
5 37 1 7 53 14 40 12 0 57 32 35 33 9 29 19 40 4 66 57 22 27 6 53 37 49 21 24 67 56 26 13 21 67 60 14 
62 15 32 36 15 18 66 64 14 29 7 13 3 30 27 54 10 49 62 62 56 12 28 67 61 20 37 34 33 67 19 53 17 67 20 
54 16 31 6 50 44 22 11 51 15 4 44 44 62 23 20 23 39 19 21 2 36 15 18 12 58 52 28 20 15 30 52 41 45 
50 8 42 2 33 59 54 58 65 17 64 28 43 42 36 46 2 16 25 49 18 61 5 21 22 48 0 13 9 4 66 44 15 
5 23 40 26 63 53 46 55 45 27 51 37 57 61 39 14 18 3 65 31 64 29 41 31 25 19 54 66 24 33 59 22 
40 20 11 13 31 61 48 0 35 65 32 4 49 26 43 28 6 60 51 63 41 18 24 56 54 14 67 52 10 46 18 
7 31 53 13 21 15 52 20 28 57 55 52 16 8 58 57 40 30 21 21 60 29 28 37 42 2 9 44 21 46 
24 18 56 51 21 41 57 44 20 47 18 43 31 35 24 15 38 22 37 34 11 2 44 21 16 39 44 24 12 
48 52 35 29 23 17 46 60 28 38 0 4 62 34 61 57 2 47 22 57 30 63 67 67 42 58 67 37 
18 66 32 30 25 11 17 42 26 50 41 51 45 28 15 31 38 51 4 4 55 19 39 14 29 36 4 
41 14 51 4 20 31 10 16 22 5 32 21 15 46 16 53 27 26 14 53 28 57 7 53 14 3 
50 6 21 63 56 24 39 12 57 21 5 62 24 17 1 22 53 49 3 27 65 42 48 13 40 
47 60 24 36 21 64 58 52 16 9 37 16 19 63 43 51 12 46 10 61 51 66 34 41 
11 56 61 40 59 10 57 23 55 5 41 28 35 40 16 66 62 18 8 4 50 3 24 
49 0 24 28 5 23 20 43 41 51 52 8 15 20 55 32 48 12 4 30 50 53 
64 14 44 60 57 57 17 3 20 33 50 40 20 61 39 9 54 14 19 40 41 
24 7 34 52 62 35 45 28 66 59 23 24 63 18 50 10 24 8 65 40 
53 54 38 33 42 31 48 54 16 50 5 62 53 57 57 25 14 22 61 
9 16 62 50 34 54 0 27 14 18 19 65 5 46 51 51 23 23 
28 15 40 56 21 6 45 21 16 38 25 7 47 2 11 52 44 
52 52 37 58 20 24 3 46 53 16 15 37 32 44 22 33 
54 40 63 15 53 26 47 31 21 4 21 45 50 54 34 
7 53 59 19 18 31 41 12 64 30 53 32 49 23 
22 15 55 18 44 59 35 66 29 51 26 8 62 
24 40 66 60 14 37 4 2 0 52 51 19 
9 53 41 27 50 29 11 57 56 1 16 
24 51 7 48 39 17 22 25 66 43 
38 4 53 51 43 29 57 52 32 
22 14 16 15 61 23 2 36 
47 40 6 54 46 11 15 
60 38 16 9 4 24 
44 28 6 45 18 
4 1 55 2 
15 53 17 
57 40 
20 

