100 50
30 29 5 38 42 16 5 29 20 9 34 43 20 4 33 5 29 30 29 14 13 33 34 36 22 13 8 30 13 44 10 40 29 15 47 20 9 2 47 38 21 2 15 34 26 42 4 26 47 2 20 34 9 40 3 2 40 14 4 10 4 0 48 34 6 23 16 7 38 24 30 13 40 15 34 14 1 31 4 29 29 32 47 0 9 42 7 23 0 38 0 9 35 5 35 43 9 5 23 
40 17 45 43 19 35 1 24 3 46 37 32 23 16 47 9 13 28 25 8 42 11 7 23 0 5 46 50 38 31 32 35 15 50 45 12 33 39 22 7 39 10 20 10 26 50 4 50 50 50 50 50 50 36 50 50 50 50 50 50 50 34 50 10 50 50 50 37 15 50 21 50 50 50 50 38 30 50 9 35 5 29 39 18 36 29 22 41 2 28 49 48 44 27 0 38 6 14 
47 23 49 8 26 46 44 4 1 37 13 12 9 45 25 35 27 33 29 17 0 43 5 8 34 1 16 5 8 11 42 16 4 37 48 22 18 19 0 19 50 42 11 21 50 50 20 1 43 24 0 13 29 23 50 50 44 50 46 50 30 50 5 50 30 50 50 20 43 50 11 8 50 50 13 14 50 39 6 42 38 15 19 6 44 2 10 6 3 48 28 19 41 22 7 32 31 
12 1 5 44 42 1 43 27 29 11 2 38 2 20 3 39 4 28 47 41 0 5 5 13 16 23 27 33 50 0 48 31 50 37 50 50 50 43 50 26 50 50 50 50 50 48 50 50 50 50 15 38 50 50 50 50 50 36 50 0 50 36 50 50 50 50 35 32 50 24 33 10 50 38 34 50 50 45 14 7 6 16 8 33 32 40 19 30 25 49 9 46 21 22 18 36 
3 39 47 25 40 49 30 19 9 5 2 22 17 29 34 46 20 6 26 36 16 21 9 50 50 4 50 50 20 50 50 50 50 50 50 50 36 50 8 9 50 43 50 50 50 50 50 50 50 50 7 50 50 50 50 31 41 50 13 50 2 50 50 50 50 0 50 48 48 43 50 14 16 27 50 50 32 40 27 5 11 50 42 1 35 26 10 50 24 33 44 18 28 37 15 
11 46 48 21 24 16 31 12 47 40 43 32 7 20 45 23 28 44 26 38 41 26 3 2 7 37 39 32 38 0 32 28 41 8 43 30 3 41 20 10 18 44 24 48 25 21 50 22 33 36 36 28 35 47 45 37 1 20 2 10 6 50 4 45 7 10 23 34 5 50 46 47 20 50 50 2 4 19 49 39 43 17 19 33 9 25 2 15 42 27 35 13 14 10 
48 49 45 42 41 35 43 6 26 25 36 17 19 23 29 0 47 35 20 5 38 2 7 4 32 10 13 14 50 4 6 41 50 22 15 4 1 12 38 23 16 30 50 50 38 50 27 50 9 13 20 50 32 21 50 50 4 50 4 50 50 50 50 4 50 50 50 18 50 50 14 30 50 50 33 30 10 37 46 32 47 13 42 15 44 50 2 40 24 31 3 34 28 
22 15 28 37 3 10 45 9 50 12 0 43 44 7 18 32 42 40 0 20 2 50 38 11 1 40 6 6 46 23 49 12 43 30 35 35 19 31 50 11 20 30 33 50 50 50 50 16 50 50 41 50 50 50 50 15 50 16 50 50 50 50 4 39 50 0 24 50 50 13 42 50 50 38 29 6 17 39 50 21 4 23 25 35 27 34 14 3 36 8 23 17 
39 20 12 6 16 26 43 11 14 41 33 0 1 35 9 13 43 4 40 1 31 34 21 8 29 47 30 44 26 19 50 30 36 39 50 5 1 49 50 38 50 50 50 50 50 50 13 50 50 24 50 50 50 50 27 17 23 50 50 50 50 40 19 50 6 26 50 45 10 36 32 50 37 5 23 47 28 3 18 0 11 44 2 37 24 15 40 28 47 7 3 
26 3 27 31 1 40 20 47 28 36 34 13 12 5 4 14 48 14 9 9 2 38 5 2 25 0 43 50 50 50 50 5 50 50 49 8 50 50 50 50 25 50 50 50 50 30 50 50 50 50 6 50 41 10 50 20 17 50 37 50 36 15 50 37 16 50 50 27 29 50 19 50 29 10 33 32 18 26 46 7 23 46 18 22 35 11 46 42 3 26 
7 16 8 37 38 18 10 45 24 15 14 13 23 10 42 27 30 9 37 20 40 14 10 31 39 32 1 30 28 48 13 35 29 12 6 34 50 17 6 7 50 50 44 48 0 46 24 50 37 50 41 25 47 50 9 50 50 50 33 38 19 50 6 50 50 21 35 5 50 50 48 43 44 37 19 39 44 32 14 36 19 11 1 0 12 41 47 25 22 
44 5 49 40 0 19 21 43 23 32 38 39 36 27 14 36 42 28 29 6 46 24 1 36 35 47 19 47 42 26 9 31 22 35 50 38 47 50 24 22 18 11 15 40 14 41 50 50 18 39 5 40 8 26 50 50 50 50 20 33 50 5 50 50 50 26 9 50 22 23 2 27 2 28 4 38 15 13 47 48 45 28 28 49 25 25 10 7 
25 41 5 17 3 10 42 7 12 47 22 14 2 18 36 20 28 26 11 2 9 7 15 13 14 48 38 50 30 50 0 50 23 50 50 33 50 32 50 50 50 50 34 50 50 50 50 50 50 50 34 50 47 50 50 49 50 16 20 50 11 21 50 11 34 2 46 45 24 0 28 46 3 50 42 48 26 39 20 10 40 4 23 0 1 48 8 
48 35 14 45 42 24 30 19 39 35 20 47 34 27 46 4 29 1 37 17 4 34 48 37 3 0 38 16 48 36 23 50 50 50 6 50 50 50 50 50 50 43 21 50 22 50 50 50 28 7 50 30 50 50 50 2 13 44 29 47 50 50 50 15 16 50 50 18 9 26 7 8 50 10 37 25 50 10 41 41 49 18 29 33 44 40 
38 7 28 8 35 15 30 32 33 27 40 42 23 31 19 0 34 0 22 16 25 44 39 43 25 9 0 36 34 41 13 40 43 39 30 17 11 3 23 24 13 34 47 14 26 8 21 8 38 50 0 5 29 50 50 2 32 50 48 50 50 50 36 14 50 50 40 34 13 17 35 50 10 32 24 50 21 39 46 50 10 20 39 17 18 
34 0 23 7 29 40 40 29 45 11 0 25 38 15 19 10 36 2 0 47 23 47 40 9 35 17 2 0 7 4 40 4 7 10 34 36 2 7 31 8 4 0 7 2 23 14 20 24 30 39 5 27 23 16 21 35 43 13 38 9 26 37 18 38 7 10 3 47 14 30 34 34 2 20 7 16 42 7 43 7 14 2 20 42 
40 39 15 8 21 37 34 43 4 13 43 33 1 35 19 2 4 12 50 38 19 50 6 50 10 50 50 50 31 50 24 50 50 50 3 50 46 50 4 50 50 50 50 50 50 50 42 50 29 50 50 50 50 35 43 50 18 50 50 50 9 4 50 44 8 30 48 13 49 50 3 44 48 27 43 41 16 23 26 28 32 8 36 
47 4 26 15 48 43 10 5 38 23 6 34 42 39 18 30 44 46 49 13 8 10 6 29 1 50 37 45 50 50 37 50 10 50 2 19 27 42 42 31 50 45 50 14 50 13 50 30 50 50 50 50 35 26 11 9 50 50 29 23 4 50 50 8 7 50 7 25 41 22 21 3 31 44 9 6 5 16 7 27 33 25 
19 24 44 4 49 10 38 12 16 35 27 26 15 11 25 12 18 40 37 32 50 43 20 18 13 14 47 36 45 37 50 49 17 5 1 38 10 19 31 5 18 33 50 50 36 50 43 50 50 50 50 14 31 50 45 22 50 50 14 14 50 20 39 43 34 49 9 50 42 17 2 50 20 28 47 48 19 40 46 2 25 
21 22 5 40 43 30 44 15 49 6 9 12 42 16 1 48 0 23 31 16 14 38 32 32 7 18 46 41 36 15 16 27 42 40 17 9 47 25 26 11 32 10 50 30 50 13 40 50 50 50 2 1 50 30 50 50 50 36 20 50 50 44 20 50 21 47 50 47 10 45 50 37 38 31 8 1 13 27 22 11 
3 27 44 38 29 31 2 6 32 43 10 9 48 5 1 28 20 17 36 13 43 36 46 18 13 26 41 27 50 33 48 12 2 8 35 45 41 49 7 50 49 33 29 50 16 16 50 20 37 23 36 50 40 50 50 50 16 14 50 50 0 43 37 24 40 50 50 26 11 22 18 40 18 50 47 17 18 42 19 
24 25 0 47 39 36 1 43 9 42 31 4 45 27 16 41 18 40 10 2 38 37 26 4 36 50 50 50 17 27 50 35 34 4 50 50 50 50 49 50 50 43 50 2 50 50 50 50 9 25 50 21 50 50 33 2 20 50 50 48 43 50 1 20 50 50 5 50 50 6 38 35 46 45 31 11 44 6 
19 30 2 11 9 7 36 23 29 3 49 20 10 17 15 45 7 1 30 34 23 23 27 2 31 46 11 45 25 22 13 1 38 1 21 8 11 28 13 50 2 50 20 41 50 50 50 16 50 50 46 50 50 50 9 4 50 50 43 40 50 41 20 50 33 50 50 50 24 49 17 25 36 14 26 50 46 
27 36 24 30 37 45 20 46 42 21 6 8 3 41 28 42 19 15 16 16 44 1 49 2 15 7 31 12 50 33 41 40 19 47 4 50 50 50 30 15 50 14 50 50 50 50 13 50 50 27 50 50 50 15 36 50 50 18 30 50 33 5 50 16 50 0 10 17 20 38 50 13 5 46 37 48 
46 20 24 0 10 41 36 10 15 9 47 10 47 23 15 29 19 5 7 30 26 14 26 9 26 14 0 20 42 27 48 38 20 26 13 40 18 30 12 36 1 14 23 5 26 37 9 13 27 2 27 5 31 16 23 40 47 18 15 40 35 35 14 14 23 2 30 29 36 47 2 27 10 47 43 
29 7 14 42 6 2 38 10 13 2 42 27 42 13 20 25 5 35 5 30 43 10 30 36 13 27 47 5 13 43 42 7 29 20 10 26 29 44 10 45 40 16 35 29 28 4 9 20 14 4 26 21 17 2 15 0 1 30 35 15 16 13 38 15 13 13 47 42 38 30 4 47 13 0 
43 15 17 7 26 45 5 30 7 37 48 1 3 2 35 23 37 25 22 22 6 8 40 4 12 50 6 15 35 11 49 25 49 48 31 50 15 50 47 50 50 50 50 10 50 50 28 50 19 50 43 26 50 50 35 4 50 38 37 32 43 36 50 50 3 33 6 16 45 9 45 28 12 
34 29 46 14 35 10 5 35 42 0 36 16 15 22 43 9 16 43 0 40 14 40 29 13 40 20 29 11 29 9 34 29 23 47 30 49 40 19 0 23 4 15 44 30 34 0 35 40 38 3 6 42 29 42 41 23 16 42 26 29 9 13 14 38 5 29 10 9 16 36 43 38 
48 4 14 22 18 11 3 39 45 44 32 21 2 26 47 28 19 0 5 37 12 27 16 10 48 8 15 8 17 50 50 36 50 11 43 50 14 15 50 24 50 40 50 50 23 50 50 50 29 27 50 50 4 13 50 49 12 50 50 50 50 5 37 35 23 50 9 42 23 41 38 
40 26 20 47 3 21 30 49 13 50 44 43 18 38 0 46 50 42 22 23 24 41 50 34 3 35 37 8 19 8 50 50 2 7 46 5 50 11 33 50 9 50 50 41 50 50 50 42 10 50 50 12 47 50 11 25 50 50 50 50 50 50 35 15 50 14 25 40 9 30 
0 14 23 4 2 29 7 10 15 14 11 30 4 38 14 30 13 2 9 35 36 40 42 29 39 38 26 40 38 23 34 42 26 0 15 23 47 26 35 33 42 10 23 27 4 2 24 12 43 43 7 49 23 40 23 10 42 29 16 30 47 26 20 15 10 2 3 27 43 
24 7 47 17 41 48 35 44 27 43 20 22 28 33 5 45 15 28 17 34 25 8 7 16 3 32 50 36 10 44 23 30 50 13 18 9 50 50 10 50 19 8 50 50 50 26 35 50 50 20 43 50 24 13 50 50 50 50 50 15 12 31 50 50 7 31 49 30 
30 32 49 15 17 48 26 33 23 13 50 4 6 7 40 14 41 12 50 50 50 30 30 26 35 23 25 46 39 17 34 44 47 38 1 21 50 34 50 50 28 50 50 50 36 29 50 50 21 43 50 19 8 50 27 50 50 50 50 50 50 50 50 48 50 33 16 
19 12 11 31 46 41 38 35 16 32 42 3 28 35 45 35 6 48 37 26 23 47 8 23 0 0 19 36 50 40 50 42 50 50 50 50 14 50 50 16 50 50 50 43 29 50 50 39 43 50 42 33 50 50 50 50 50 50 35 27 50 50 33 34 50 1 
33 4 35 25 46 43 23 22 18 37 36 10 9 27 39 21 14 7 20 49 43 13 42 28 40 50 17 24 29 48 16 48 50 45 38 2 22 19 35 4 50 10 9 38 50 50 49 26 47 3 38 27 41 48 45 8 28 38 20 50 50 43 50 50 42 
14 38 22 42 13 9 19 45 41 40 4 28 29 50 50 24 50 16 50 26 11 50 32 44 50 50 5 36 50 43 50 50 34 50 2 50 50 0 50 50 50 20 23 50 50 10 20 50 37 13 50 50 50 50 50 50 23 23 50 25 39 50 50 42 
1 6 2 45 4 21 34 6 24 37 36 18 27 19 9 5 47 33 38 26 50 50 22 48 50 50 34 25 26 31 50 50 50 10 46 50 50 50 50 50 7 7 8 50 50 9 50 4 50 50 50 50 17 50 50 19 12 29 50 18 50 50 24 
39 9 18 10 11 6 36 10 25 33 4 5 42 29 12 36 26 9 44 3 34 24 30 40 34 2 26 14 16 28 48 32 13 8 1 8 17 50 43 47 35 50 50 35 23 50 27 29 21 50 50 50 50 50 2 13 50 50 46 50 50 11 
20 26 16 15 12 4 0 4 23 45 31 38 19 2 14 37 26 9 24 0 27 11 44 22 29 2 3 7 5 50 50 40 50 50 36 8 50 50 43 26 50 50 17 10 50 12 1 50 50 50 50 50 50 21 43 50 50 46 50 50 47 
12 35 7 28 45 49 33 15 24 34 37 35 27 21 4 15 22 14 23 31 17 21 41 13 24 10 21 12 28 39 5 29 30 50 50 13 19 43 7 40 48 1 7 50 11 50 50 50 50 50 50 50 50 10 50 50 50 50 50 10 
7 41 11 17 32 1 20 47 37 49 19 46 4 39 36 28 31 50 25 49 28 8 30 7 40 25 5 4 13 0 48 8 3 50 50 50 23 2 50 34 20 16 50 35 39 50 50 50 50 35 50 39 40 50 5 14 50 50 10 
2 5 47 29 36 0 34 2 2 17 15 43 0 13 36 15 2 13 9 30 47 31 16 12 5 36 20 29 41 16 36 20 15 34 0 8 44 40 40 36 39 13 9 21 43 40 42 30 34 0 9 5 0 47 29 29 16 4 
35 10 27 12 47 28 49 44 6 17 33 0 40 20 32 31 21 34 29 50 13 9 42 39 45 50 44 27 24 3 29 48 27 33 4 43 50 50 14 42 46 8 8 50 50 50 50 50 50 9 25 50 50 35 50 50 18 
44 21 24 27 41 43 48 19 14 3 20 26 33 39 30 17 50 23 25 10 2 40 50 50 50 50 42 50 50 50 50 50 50 38 47 50 50 50 43 50 50 50 50 50 50 50 50 50 50 50 50 49 50 50 50 9 
48 16 25 13 8 22 39 32 43 2 35 43 33 50 10 24 3 21 43 4 14 8 1 11 34 30 7 49 36 40 29 15 16 27 23 50 49 4 50 37 20 50 50 50 50 50 50 14 34 50 50 5 50 46 38 
11 34 25 4 28 9 41 44 5 34 30 45 46 39 47 21 16 42 4 16 32 43 27 12 40 45 18 50 43 35 12 2 47 50 50 7 15 0 30 37 50 50 50 50 50 50 39 17 50 50 3 50 50 12 
8 44 35 20 48 45 41 42 29 49 27 17 9 3 19 31 38 13 42 47 8 39 41 23 2 14 34 50 15 29 14 40 50 50 50 42 50 32 50 29 50 50 6 50 50 50 50 22 50 50 50 50 46 
5 1 39 21 26 17 3 40 19 18 27 30 29 32 48 43 11 15 0 37 22 7 26 12 16 6 40 50 50 47 40 50 46 36 38 12 46 14 50 50 50 50 50 50 8 50 50 50 50 50 50 49 
11 3 32 39 2 31 26 21 16 36 20 19 1 49 30 20 0 42 45 43 12 10 2 32 36 11 18 48 36 26 50 23 50 21 50 50 50 50 50 50 50 50 50 50 50 50 50 50 50 50 35 
30 45 29 38 44 42 17 23 50 33 0 25 21 2 19 13 2 46 35 6 9 50 32 39 50 47 50 16 26 21 16 24 14 28 24 50 20 50 50 50 18 50 3 50 50 50 50 50 50 22 
13 38 45 18 23 24 5 47 11 36 7 16 26 46 15 50 20 46 30 4 42 8 1 30 50 50 2 29 41 28 2 9 35 32 27 41 6 13 29 50 50 49 0 11 48 13 43 50 17 
44 28 1 10 30 37 20 8 22 15 40 20 25 23 34 0 2 25 30 17 42 26 46 5 18 10 13 50 49 31 47 50 32 33 50 43 50 50 7 50 50 50 50 50 1 50 50 3 
34 6 26 48 13 33 16 40 35 14 0 31 42 30 8 36 21 43 11 23 49 4 50 28 47 42 50 5 43 26 19 30 50 50 50 50 50 50 50 1 9 50 50 50 50 50 42 
10 42 18 36 12 39 50 31 4 29 32 9 19 6 15 13 34 50 25 30 37 50 50 0 29 48 50 4 30 50 50 27 24 50 50 50 50 50 46 50 50 50 49 50 50 49 
36 47 48 21 19 35 12 45 30 22 27 27 38 50 28 43 26 47 5 25 28 46 16 40 34 5 16 9 14 13 27 7 50 50 50 50 50 26 50 41 50 35 50 50 32 
10 47 35 0 47 27 15 25 26 31 2 26 34 20 1 20 29 5 0 13 47 41 32 35 30 16 28 23 35 26 15 15 20 34 16 16 2 30 27 0 29 5 15 47 
6 29 35 41 39 7 43 15 36 12 32 31 8 30 45 27 30 34 0 50 16 7 5 50 25 23 40 38 2 50 50 50 50 50 24 32 50 50 50 50 50 50 34 
50 10 30 20 12 42 43 29 26 28 44 11 4 15 35 2 47 46 7 38 36 1 50 50 7 50 43 36 50 30 50 19 50 22 16 50 50 50 34 50 50 50 
15 43 16 42 9 37 38 39 6 18 6 13 10 44 48 3 1 50 9 34 45 50 13 40 50 19 50 50 50 50 50 50 11 50 50 50 50 50 50 50 50 
14 48 43 29 6 30 21 42 23 46 13 3 47 18 32 49 50 26 2 28 50 43 16 41 5 34 50 47 7 50 1 45 17 50 50 50 37 50 50 7 
8 18 16 39 13 37 16 25 27 16 44 20 16 5 45 4 15 5 7 12 50 0 1 26 2 38 12 50 42 50 50 8 50 50 50 10 50 50 50 
26 38 27 5 49 22 13 24 38 28 6 47 2 37 9 42 30 44 11 33 26 50 46 45 40 32 24 21 1 35 15 22 15 22 47 18 2 0 
20 9 38 3 6 19 44 36 37 46 33 1 11 17 7 40 39 6 11 9 43 22 27 1 10 14 43 29 0 13 39 50 38 19 50 39 35 
20 22 13 14 38 5 6 30 2 36 38 9 36 39 33 2 16 16 21 7 36 14 5 43 0 30 38 26 20 17 16 38 10 4 27 2 
7 35 3 36 45 43 49 33 23 12 38 41 42 20 18 41 29 14 23 36 21 1 5 17 14 28 50 9 50 24 50 50 50 50 50 
23 40 5 16 18 42 14 38 15 34 29 28 8 13 40 0 25 9 40 38 26 23 16 5 29 42 9 5 2 38 4 40 30 35 
48 45 22 40 32 5 44 20 42 27 0 20 1 13 9 29 36 44 43 46 22 11 4 11 22 38 43 10 28 50 24 50 36 
32 41 14 39 24 21 19 17 13 35 30 31 25 34 4 2 12 47 49 15 33 44 20 35 18 4 10 50 50 50 50 50 
3 4 1 12 42 28 48 10 30 40 14 47 36 15 8 29 0 6 31 1 9 38 20 0 16 50 50 50 41 50 50 
0 48 49 9 42 36 8 23 14 36 31 40 34 17 1 9 47 19 18 38 44 31 43 43 50 50 4 50 50 50 
26 15 38 14 40 36 35 48 0 36 35 22 23 5 9 9 26 40 0 29 7 35 7 36 4 38 26 36 42 
34 19 6 7 35 36 35 23 41 43 36 18 21 5 13 37 27 38 40 14 22 30 13 34 47 40 50 30 
31 10 28 39 34 4 22 26 38 10 0 30 7 9 37 17 2 36 40 48 18 50 1 24 50 45 50 
7 22 40 14 9 6 37 4 15 25 17 43 45 16 41 46 25 41 8 32 12 47 4 35 50 9 
41 24 0 14 36 17 11 42 43 49 27 23 49 13 39 14 29 15 44 50 45 26 31 21 15 
6 20 30 33 18 3 43 32 25 50 14 31 24 12 26 8 16 21 50 23 50 50 39 44 
13 23 3 42 49 14 31 20 1 50 25 44 26 5 16 37 50 34 22 30 50 50 50 
19 10 14 20 4 42 10 29 15 36 43 5 31 27 10 4 15 4 9 40 2 34 
13 27 0 37 35 7 30 15 9 47 15 16 23 23 5 2 47 7 29 38 5 
29 27 38 16 47 19 46 20 11 25 24 49 12 37 17 15 50 14 26 30 
21 2 36 8 24 3 28 10 27 32 1 15 4 11 33 12 0 50 38 
5 28 41 23 44 29 28 22 47 26 19 3 30 13 17 25 36 25 
15 9 42 42 2 27 9 14 7 36 36 43 43 27 18 38 7 
44 4 22 49 20 30 3 39 24 45 6 21 11 49 1 33 
31 30 45 3 18 42 28 6 14 27 34 48 43 4 21 
2 23 12 36 48 34 17 13 3 10 3 44 22 20 
11 25 31 17 33 28 6 37 48 40 12 0 50 
35 24 46 36 0 4 32 6 8 48 7 39 
34 49 9 46 8 39 31 6 30 37 37 
38 32 47 43 1 37 38 49 8 9 
4 34 33 43 0 45 21 12 41 
31 12 18 42 34 6 35 46 
42 36 4 44 14 40 0 
11 39 19 20 3 29 
20 7 45 31 21 
32 17 29 12 
16 1 13 
19 25 
24 

