100 183
29 141 49 29 18 103 79 129 85 122 172 105 71 121 148 150 33 177 173 118 115 60 181 175 181 123 111 62 45 168 21 161 183 182 20 183 83 183 153 183 95 183 52 183 183 78 183 183 183 183 113 68 183 183 183 183 183 13 183 77 183 183 55 183 91 183 104 143 64 9 119 117 92 145 12 158 170 160 123 98 73 35 72 172 164 31 142 154 134 180 178 6 51 110 48 163 24 122 120 
149 32 69 98 123 177 124 181 18 116 62 45 78 13 50 136 149 50 123 1 24 42 33 172 6 147 76 147 34 1 50 45 181 177 87 10 177 10 35 177 177 1 122 7 155 123 122 172 124 123 7 13 59 96 29 13 57 177 96 50 32 159 155 159 159 98 181 78 172 96 93 62 59 147 1 149 32 108 47 122 62 123 111 147 123 177 33 177 34 177 98 46 149 147 122 147 13 151 
43 94 53 124 32 121 115 13 34 96 6 175 140 59 62 104 38 33 107 11 1 5 57 34 171 128 113 178 132 127 28 174 0 182 183 183 21 183 183 89 64 183 183 45 105 183 183 183 183 183 183 183 183 10 183 46 92 183 183 183 183 183 183 183 83 73 183 97 16 44 47 71 9 129 114 52 147 78 154 172 36 181 112 155 51 74 111 58 162 35 77 13 82 138 165 173 84 
33 44 38 41 9 6 123 35 61 91 165 22 16 151 58 178 4 125 92 98 161 59 10 79 72 105 134 82 77 111 113 136 96 183 131 183 183 183 183 144 183 183 57 183 183 183 183 183 183 183 183 183 147 183 78 183 163 183 90 183 183 97 181 54 183 183 11 176 183 94 156 182 40 88 174 1 122 86 20 122 76 130 45 68 162 168 26 145 67 117 100 137 143 148 15 66 
98 118 124 96 96 168 79 50 59 162 46 124 74 123 7 98 50 147 12 29 28 70 7 50 13 147 177 155 29 87 29 1 29 151 87 123 45 118 124 10 57 136 177 159 33 29 59 94 118 76 62 59 35 17 57 24 151 45 155 46 87 46 177 45 33 98 32 93 124 33 62 45 151 123 85 179 155 59 57 112 159 1 177 13 29 94 1 32 1 50 181 147 94 10 35 
2 8 105 132 33 34 95 116 135 54 126 149 9 67 49 146 86 118 10 29 151 23 37 163 112 122 162 20 171 183 51 175 183 183 183 113 16 183 183 183 87 183 148 183 183 183 183 183 183 183 152 183 10 183 183 183 83 183 71 36 183 99 70 109 183 169 183 183 31 107 21 120 167 45 7 55 136 60 32 108 129 78 48 137 160 170 12 80 96 182 46 38 124 5 
162 173 27 7 10 43 61 101 134 5 159 20 182 67 68 121 172 143 147 172 47 79 39 29 154 12 130 144 167 69 97 119 71 100 148 21 183 183 54 96 183 175 183 72 183 183 183 183 183 183 183 24 183 183 183 183 183 183 183 183 183 4 183 183 183 113 129 164 89 51 26 120 1 124 18 36 30 94 57 106 178 152 99 84 165 123 166 180 22 140 127 102 131 
10 81 123 57 108 137 138 43 73 181 160 132 77 38 36 124 71 172 118 115 148 100 12 105 151 23 155 161 29 170 143 27 65 183 183 183 183 183 7 183 183 152 183 183 22 183 150 183 183 183 59 183 183 122 121 183 183 183 183 25 183 183 130 39 15 99 183 26 111 167 178 45 159 98 42 112 32 129 19 173 128 113 176 91 54 44 84 34 109 180 118 179 
47 118 149 133 107 33 131 178 34 14 146 0 109 130 151 127 13 149 75 99 125 182 142 53 110 117 21 63 17 19 52 164 67 183 20 2 83 10 40 102 183 183 30 183 183 183 183 183 183 13 183 183 183 183 183 183 183 183 183 160 183 183 108 162 91 183 4 157 22 55 159 50 169 37 156 34 31 15 95 49 171 175 152 79 135 73 138 124 113 112 139 
155 159 118 87 72 88 82 45 113 36 42 153 109 172 66 50 147 69 166 169 17 120 34 71 61 105 125 33 20 146 161 40 129 183 160 183 57 183 183 183 183 183 183 183 183 77 170 183 13 183 183 119 183 183 98 183 183 183 183 183 183 28 183 84 183 86 141 108 51 147 155 37 91 163 13 140 39 30 100 10 128 102 75 56 7 158 53 117 135 154 
179 172 155 93 29 24 109 172 122 149 59 172 27 172 130 97 159 78 93 1 94 29 29 76 33 13 45 1 57 87 88 7 34 118 151 123 87 7 159 118 10 33 96 46 172 177 122 90 118 124 1 32 98 149 181 124 87 147 32 181 177 96 123 147 177 46 147 151 129 182 32 35 78 176 122 123 78 172 159 93 118 1 13 45 78 34 45 57 147 
24 94 87 123 122 47 33 87 59 32 87 166 45 173 18 149 50 34 181 33 149 124 76 46 118 1 151 35 151 76 149 24 1 35 144 149 35 94 151 123 57 42 29 96 24 177 176 62 4 57 151 46 96 57 13 172 177 24 123 172 62 96 181 10 59 124 147 167 114 177 147 33 117 172 62 57 29 78 151 35 32 32 50 87 118 7 172 124 
134 17 41 140 87 130 80 160 4 161 46 15 149 59 70 11 66 179 128 114 141 92 6 137 165 125 102 135 163 49 183 173 113 94 81 153 183 183 183 183 183 183 100 94 45 78 183 183 183 183 75 183 183 183 183 183 183 183 38 183 183 183 183 109 152 121 46 181 183 145 3 94 30 123 126 93 146 55 171 52 27 164 90 7 174 150 20 
5 147 2 10 84 41 37 119 30 45 86 46 45 31 157 115 55 117 179 16 103 164 74 153 97 8 133 4 121 56 80 43 29 7 28 142 126 131 95 183 183 183 183 183 62 40 183 183 183 183 183 183 183 183 183 98 183 183 36 183 183 14 19 183 183 50 62 44 32 66 94 23 67 18 132 141 70 104 20 111 145 81 120 10 35 90 
95 60 124 65 21 97 99 167 78 83 118 62 139 19 51 90 176 45 73 145 41 112 80 13 109 58 116 92 37 168 4 46 182 22 136 132 181 107 183 28 183 0 84 118 183 108 183 69 183 183 183 183 183 183 183 183 183 183 171 183 183 183 11 183 46 46 183 76 119 46 89 71 67 178 150 157 31 77 147 46 154 180 172 158 123 
108 46 78 143 139 2 12 98 29 57 33 91 4 64 151 79 92 3 32 181 24 48 171 66 127 65 156 71 36 158 13 84 166 160 62 183 69 146 183 76 183 183 10 183 80 183 183 183 183 183 183 183 183 183 116 183 46 183 183 180 183 130 183 149 181 183 163 175 7 125 20 153 85 138 179 6 168 155 112 135 104 145 162 82 
45 25 1 56 104 169 29 23 10 177 22 42 111 106 47 55 91 31 11 167 28 153 19 109 180 9 65 81 102 172 165 142 125 156 183 183 183 183 183 101 74 7 183 183 183 183 183 48 183 183 183 183 183 183 183 183 183 67 183 171 183 183 181 45 72 116 135 172 183 51 41 68 37 136 98 121 159 130 148 147 61 45 96 
46 34 45 122 96 52 76 54 175 93 35 78 149 149 93 159 122 46 123 57 1 59 94 181 118 151 177 151 83 151 93 124 24 50 1 149 122 50 123 24 63 118 50 45 87 34 76 123 122 155 177 78 123 45 13 7 7 118 4 159 78 42 115 57 50 62 166 93 98 62 50 78 177 32 35 59 149 159 13 35 177 118 
110 61 81 175 122 80 88 159 179 90 91 105 97 176 56 79 12 86 127 36 152 50 6 128 18 165 64 96 150 3 15 125 158 112 30 129 106 183 183 96 183 183 183 183 183 183 183 183 183 183 183 183 183 183 183 183 183 136 183 183 13 13 183 137 40 29 183 26 37 170 74 107 48 138 126 88 41 63 116 144 8 
135 174 5 29 85 7 122 136 138 119 116 115 134 96 142 104 11 126 62 164 105 169 84 107 15 69 50 176 75 108 47 49 183 68 14 151 56 183 172 183 183 183 183 183 183 183 183 183 183 183 93 183 183 183 183 183 183 183 183 147 10 183 27 53 87 83 111 8 17 98 65 144 153 103 52 19 78 63 81 23 
177 119 93 14 96 122 150 165 82 164 140 105 58 48 121 5 172 110 157 138 117 106 168 89 39 45 12 64 85 107 109 35 183 6 115 71 183 7 8 183 183 183 183 183 183 183 183 183 183 180 183 183 183 183 137 183 183 183 13 177 183 9 183 7 183 169 20 62 76 131 45 143 178 136 40 2 126 52 75 
129 172 30 122 155 101 31 142 143 10 133 17 114 85 14 150 175 127 76 61 71 126 138 19 34 173 49 22 39 139 9 47 56 183 183 72 32 183 183 183 183 183 183 183 183 183 167 183 183 158 183 183 183 183 183 183 183 24 94 183 183 183 45 183 23 141 54 51 57 3 171 112 120 55 18 8 5 74 
50 3 123 78 127 97 88 63 143 101 140 44 70 61 21 98 77 144 142 6 9 71 65 96 115 141 8 54 156 182 14 4 183 153 18 1 19 183 183 183 183 183 183 183 183 183 183 183 183 183 183 183 136 183 183 176 96 93 183 43 183 149 183 148 183 183 183 42 79 165 145 48 114 107 106 46 174 
13 114 79 181 10 46 181 78 155 35 96 93 177 96 149 122 32 32 34 118 10 35 8 1 172 62 32 62 172 159 96 149 62 45 133 45 118 118 149 155 181 35 149 76 57 59 46 155 123 155 34 7 94 87 35 90 72 78 33 96 23 10 59 33 13 29 59 24 1 62 124 57 122 1 24 50 
122 24 106 170 129 25 111 73 148 115 28 19 20 89 2 40 171 132 33 139 133 76 156 65 56 74 53 12 110 58 43 121 183 78 151 100 183 183 183 183 183 183 183 183 183 183 183 105 183 183 183 52 183 183 177 149 183 183 183 155 183 183 183 37 162 67 166 96 138 158 70 87 108 38 54 
102 118 87 122 93 118 78 78 78 159 118 13 94 123 124 7 149 62 118 94 166 13 7 62 181 159 7 62 122 34 59 10 142 57 122 76 59 46 35 149 45 29 35 7 181 93 35 46 149 45 181 78 34 2 119 78 7 87 37 59 147 35 96 151 177 181 10 181 159 10 32 33 34 32 
123 1 76 93 33 159 33 181 35 7 151 93 13 147 149 118 147 10 87 2 50 159 147 177 46 151 35 94 147 33 57 107 181 24 59 32 172 172 50 159 24 24 1 10 98 151 33 50 181 87 24 29 154 49 94 122 7 165 35 33 10 34 13 24 59 29 118 147 32 93 59 7 35 
120 67 110 35 19 53 104 169 8 44 5 49 131 33 81 158 1 78 10 51 165 167 148 157 105 175 183 11 112 183 46 183 183 183 183 183 183 183 183 183 183 183 183 183 183 183 183 88 183 183 50 177 76 183 183 183 50 183 25 26 183 72 89 16 137 86 3 141 66 60 58 77 
106 83 49 70 15 121 100 133 3 64 111 27 102 65 5 21 109 124 60 155 134 131 125 168 16 61 183 183 6 172 53 93 183 182 183 146 183 183 183 183 130 183 183 183 183 183 183 180 51 183 62 76 183 183 183 151 183 183 132 58 183 183 33 144 183 23 119 89 101 17 156 
158 87 103 14 42 84 126 181 172 55 128 94 74 102 49 131 147 179 167 138 75 85 153 182 171 17 151 150 149 183 109 157 23 183 183 183 183 183 183 183 160 183 183 183 183 183 183 177 183 76 147 183 183 183 155 183 183 183 175 183 183 43 104 180 134 178 30 168 110 79 
62 115 39 133 108 140 72 58 9 16 21 130 59 127 49 33 162 73 132 109 4 125 24 53 163 183 22 76 68 91 183 183 183 56 183 183 183 141 183 149 183 183 183 183 183 183 183 183 98 45 183 183 183 155 183 183 129 183 183 14 66 27 85 104 160 8 20 117 28 
152 68 40 92 44 15 173 90 14 89 51 95 74 66 78 8 124 9 155 166 119 131 168 38 61 127 33 116 71 83 20 52 31 146 183 183 183 183 164 125 183 183 183 183 183 183 183 94 149 183 183 183 181 183 183 183 183 183 30 183 139 109 183 36 75 29 73 137 
182 3 75 116 16 60 37 136 141 125 174 140 74 181 168 173 137 121 97 36 90 110 27 41 1 155 52 106 82 84 183 183 183 169 18 183 0 183 183 183 183 126 183 183 183 183 149 50 85 183 183 124 183 183 183 183 183 158 183 164 183 11 183 64 166 111 17 
74 4 60 89 50 179 170 125 26 113 129 79 118 43 21 2 180 154 162 9 178 156 51 69 87 163 88 72 183 38 183 99 183 183 165 183 183 183 183 183 183 183 183 183 37 46 57 183 183 183 35 183 183 183 166 18 183 95 183 121 183 77 25 183 67 36 
99 12 26 39 23 119 157 175 13 28 167 10 22 110 139 21 163 80 65 0 71 9 98 45 160 4 52 136 58 6 183 29 56 183 137 183 183 183 183 183 183 183 183 72 13 162 183 183 183 33 69 183 183 183 183 183 183 105 183 183 183 183 70 172 152 
138 45 56 147 143 160 97 125 39 67 172 62 170 52 133 107 44 137 141 48 50 27 32 89 119 129 173 116 183 10 165 183 183 183 140 183 183 183 53 183 183 183 183 149 96 183 183 183 149 183 183 183 88 183 183 51 183 183 55 183 145 183 123 95 
40 152 145 123 135 4 149 95 10 149 72 99 67 49 169 136 166 36 65 89 114 78 1 59 90 73 77 0 142 105 42 100 121 183 103 48 162 183 183 183 183 183 177 78 183 183 183 151 183 183 183 183 183 183 183 183 183 154 183 81 66 176 15 
177 39 130 75 30 146 156 142 50 38 41 66 135 88 158 123 90 166 108 143 94 99 58 120 113 100 134 145 47 29 183 183 183 9 102 183 42 183 119 183 179 34 118 183 183 183 147 183 183 63 183 183 183 183 183 183 183 61 183 183 183 183 
47 22 42 80 40 34 8 35 113 179 135 3 164 75 37 16 107 103 174 93 69 156 24 86 26 79 122 104 63 139 73 61 162 183 2 140 183 183 183 183 46 50 12 183 183 35 66 183 96 183 183 183 183 183 183 183 183 0 183 9 102 
139 96 100 31 99 175 59 78 160 170 104 134 159 163 68 112 69 101 149 106 103 64 162 18 14 141 81 108 95 38 167 183 183 65 183 183 183 183 5 1 147 181 22 35 159 44 183 183 183 183 183 183 183 183 183 183 183 183 183 183 
80 31 61 52 89 33 48 125 73 69 25 102 2 134 168 181 68 78 42 75 56 140 169 162 74 150 93 59 117 81 152 183 154 141 17 183 85 183 181 45 54 183 183 59 18 183 183 183 183 183 183 183 183 183 183 183 183 183 183 
3 19 43 112 87 63 104 35 101 76 83 82 44 70 66 26 123 54 47 175 0 72 2 81 176 9 144 51 79 60 183 165 154 183 183 183 183 87 155 183 183 183 151 183 183 183 133 183 183 183 183 183 183 159 183 183 183 183 
44 25 101 10 11 52 147 105 45 141 178 103 24 39 91 96 161 0 153 108 160 142 113 131 134 154 59 109 171 139 14 183 174 64 183 183 33 98 179 183 8 33 183 183 183 183 183 183 183 17 183 183 183 183 183 183 183 
41 172 76 111 54 53 170 0 16 116 91 169 99 88 124 77 12 58 72 70 148 49 128 173 6 145 110 139 179 43 63 29 183 133 183 177 147 183 183 183 147 183 73 183 183 183 183 183 183 183 183 183 4 183 183 183 
181 46 143 12 31 93 29 91 63 117 113 65 166 62 64 30 73 94 54 102 178 120 114 83 135 108 183 182 145 150 82 154 123 183 10 96 3 183 183 78 47 183 183 183 96 183 183 183 11 56 183 183 88 183 183 
34 161 17 50 85 180 18 22 100 174 26 160 94 56 120 97 75 16 61 115 3 44 169 5 71 183 107 63 82 183 183 25 103 1 122 183 183 70 177 183 183 183 183 183 183 183 183 110 183 183 183 68 183 13 
33 32 24 13 32 32 13 32 59 46 96 72 149 177 118 24 118 24 159 151 29 94 124 123 98 155 1 159 96 122 33 87 58 107 93 46 87 152 94 10 87 172 151 124 147 177 24 29 59 149 181 33 124 
126 23 103 31 6 96 147 145 27 37 122 127 26 70 36 110 34 129 167 154 99 170 73 46 67 0 183 183 45 183 183 33 87 183 134 183 32 183 183 183 66 89 41 183 183 183 183 183 183 183 183 183 
92 127 37 88 45 140 80 156 33 147 14 128 11 181 161 20 56 74 82 135 132 174 69 30 183 182 183 183 180 4 35 29 183 183 63 151 6 183 183 183 183 183 183 183 183 183 183 183 183 183 68 
81 106 79 33 109 75 87 3 24 93 76 169 64 19 157 126 68 127 116 103 65 113 74 58 25 83 72 146 77 57 147 69 128 183 13 101 145 183 183 183 183 183 183 183 183 20 183 183 183 183 
136 2 19 37 60 182 146 34 28 116 86 22 141 55 5 80 144 66 96 161 41 100 183 43 172 128 183 183 122 7 183 183 183 59 183 183 34 78 183 183 14 183 183 35 183 183 183 183 183 
27 126 75 73 79 178 57 84 10 101 114 28 21 41 121 110 51 86 38 72 104 105 130 176 83 183 92 78 151 52 183 183 147 183 77 183 183 19 183 179 183 183 183 183 183 183 183 183 
157 146 64 38 92 159 180 174 20 120 82 163 13 117 59 63 30 66 23 84 40 0 74 49 77 183 123 118 60 166 183 57 183 183 50 183 5 183 183 183 183 183 156 183 183 183 183 
113 95 93 99 87 115 73 176 58 104 171 84 106 89 28 39 87 107 91 136 27 129 159 154 138 122 59 135 69 143 124 77 183 7 101 53 161 183 114 183 183 183 183 183 183 183 
137 145 38 181 11 1 19 112 60 89 135 12 30 87 126 131 40 45 114 93 67 101 157 111 76 98 121 144 25 155 5 119 183 183 183 183 183 183 183 183 183 3 183 183 183 
40 44 13 150 79 140 67 87 25 47 177 128 92 21 90 20 55 19 68 46 0 122 3 10 7 30 103 160 149 84 36 183 183 183 183 183 183 183 183 183 183 183 104 132 
126 123 142 53 100 30 90 119 179 23 139 15 44 169 111 174 86 120 95 43 110 85 10 57 64 135 115 93 68 105 16 183 183 183 183 183 183 183 183 183 183 183 183 
96 176 56 47 40 163 139 102 115 53 120 100 121 82 54 155 81 140 131 55 28 181 69 77 169 85 124 13 79 156 145 17 183 136 183 41 183 183 183 183 183 183 
34 1 96 62 159 78 87 172 24 76 10 62 147 24 13 149 94 29 96 33 11 158 149 46 181 160 93 96 13 29 59 1 159 50 155 93 124 149 35 7 124 
35 55 157 12 153 39 86 23 97 141 145 114 88 48 132 90 82 103 139 147 96 146 60 2 1 152 85 133 140 26 16 25 47 183 183 183 183 183 183 183 
115 161 42 64 176 123 135 54 114 86 127 49 110 18 84 63 162 157 10 59 107 41 137 57 92 131 168 105 144 111 183 183 21 183 183 183 28 183 183 
178 80 23 131 136 60 102 25 146 172 63 42 14 81 78 165 88 34 177 141 170 132 7 59 154 61 161 156 8 133 31 150 160 183 105 183 183 183 
138 177 48 152 15 126 102 170 131 166 41 148 32 100 128 110 46 149 137 171 11 24 146 115 74 39 133 167 57 91 66 174 183 183 118 80 183 
35 153 125 117 30 142 53 57 133 36 165 27 95 115 170 1 124 4 45 31 122 176 120 48 10 180 91 86 39 96 103 15 150 13 183 144 
15 77 74 137 70 165 168 94 80 8 118 123 28 68 62 62 176 26 91 59 17 92 109 144 131 95 112 82 183 51 44 126 183 151 183 
98 72 150 46 143 75 137 51 26 60 66 111 90 29 29 127 149 180 59 61 55 43 27 2 82 83 155 16 167 14 154 110 164 133 
158 157 55 153 17 97 6 138 166 15 49 137 147 32 168 130 50 155 28 113 73 180 101 25 146 119 142 5 37 43 183 134 48 
69 34 3 10 37 17 70 101 102 19 175 57 57 5 95 125 35 50 62 106 97 169 52 120 180 179 163 157 92 155 40 170 
14 127 7 134 146 168 171 107 90 114 96 24 108 176 17 94 22 40 82 60 88 152 36 182 81 121 128 94 91 76 2 
156 95 153 54 65 8 13 92 172 87 118 53 164 79 149 75 68 181 134 155 133 60 179 47 85 144 183 171 71 167 
67 114 126 36 150 8 39 0 172 59 120 118 16 87 181 83 128 103 142 168 69 92 42 147 134 102 178 163 183 
2 140 179 54 26 86 173 96 147 70 65 88 98 116 161 135 130 122 35 0 133 87 117 11 56 143 79 18 
85 73 70 9 21 112 29 118 31 58 56 151 99 167 64 0 163 83 81 158 17 43 111 16 161 171 138 
20 25 175 44 97 96 177 68 151 152 13 117 28 22 3 102 88 176 8 144 31 132 59 158 106 103 
39 12 58 38 46 147 23 146 5 124 139 117 15 104 48 170 128 98 99 80 129 54 173 153 114 
178 104 15 155 155 130 161 170 94 71 157 116 44 21 6 99 13 36 151 76 97 23 64 72 
2 130 181 76 152 48 113 46 137 164 3 6 148 85 132 53 139 161 18 90 62 33 27 
41 159 45 27 131 164 155 105 82 127 9 160 45 37 83 63 61 174 166 30 100 153 
7 29 95 47 75 24 144 132 124 113 105 119 56 108 128 27 143 134 12 11 148 
17 96 7 45 139 45 87 7 159 35 32 57 57 34 172 57 122 50 59 78 
35 124 10 26 87 29 33 78 124 35 57 172 149 177 45 96 124 45 13 
132 138 124 48 173 117 25 71 164 92 106 14 128 63 112 11 51 142 
148 10 67 174 39 129 16 114 40 156 38 15 152 125 83 61 99 
149 168 14 42 116 127 81 52 93 154 176 100 38 22 41 61 
177 93 94 59 93 13 94 124 159 24 45 32 34 32 1 
80 65 43 174 148 24 70 119 123 39 167 86 20 173 
118 138 158 86 153 7 108 144 142 84 48 116 150 
143 31 101 115 148 55 9 164 47 1 77 163 
86 169 109 56 22 67 23 80 42 21 106 
112 164 43 161 58 60 106 25 165 55 
173 127 13 171 96 159 130 0 38 
147 123 182 89 21 19 137 157 
84 25 163 101 4 28 162 
71 93 26 18 107 140 
91 132 122 175 64 
103 49 97 50 
182 65 11 
53 112 
182 

