100 83
40 46 7 19 61 15 43 13 18 23 30 16 59 38 46 22 39 44 26 20 50 6 83 29 12 70 57 83 83 9 83 55 83 82 64 83 83 83 83 53 33 83 83 83 83 83 58 83 83 83 79 83 68 83 81 3 83 63 33 83 4 14 66 41 41 45 37 8 17 42 80 24 72 76 74 17 35 36 11 77 31 41 21 60 78 27 73 52 81 47 62 65 1 10 70 34 5 75 71 
41 82 59 43 34 13 6 47 49 64 27 45 28 29 65 21 35 53 39 31 56 48 46 67 63 20 15 79 83 83 83 83 83 24 78 83 25 83 18 52 83 83 83 83 83 10 83 83 83 17 83 83 83 33 83 83 83 83 83 0 83 83 70 14 71 19 1 17 14 2 8 44 77 26 22 66 63 16 57 55 81 30 7 37 73 54 11 61 12 75 51 62 9 36 68 69 72 4 
29 33 14 47 49 23 3 78 24 74 15 38 6 54 44 5 57 73 71 16 1 39 11 80 37 30 21 0 9 62 83 79 83 83 83 83 83 83 45 68 83 76 83 26 10 83 83 77 14 83 83 83 36 83 83 48 83 83 83 83 83 22 33 63 60 53 81 41 40 55 67 12 51 34 25 17 18 64 19 40 61 13 40 34 43 75 69 59 28 27 66 56 14 65 31 35 50 
61 62 9 5 18 65 27 46 20 81 32 43 16 0 12 34 41 38 68 66 76 73 49 28 47 72 21 15 22 37 42 83 83 83 83 83 83 38 83 24 83 83 83 32 83 11 10 2 60 83 83 14 83 83 52 83 83 83 26 83 5 6 30 64 83 8 6 77 83 49 54 39 74 67 70 19 55 78 36 71 56 20 53 44 51 23 4 48 79 25 59 2 13 57 33 75 
71 24 37 66 13 64 28 9 25 45 65 31 52 16 39 3 75 41 55 21 7 38 1 51 26 44 57 8 34 27 76 83 83 83 83 83 80 54 83 30 83 83 58 83 83 83 58 83 83 83 74 83 4 79 47 83 83 83 83 2 31 83 40 83 5 22 68 83 83 63 81 45 14 52 72 17 49 6 69 67 78 15 35 10 12 43 77 82 20 70 2 48 18 62 23 
50 52 54 57 7 3 38 30 8 48 40 66 70 76 65 4 1 24 2 63 31 73 13 51 82 23 28 39 58 22 77 83 12 83 83 45 83 74 46 83 83 14 83 83 83 36 83 83 11 63 83 83 83 83 83 83 83 83 33 78 83 0 83 33 63 32 35 64 19 83 37 27 63 44 34 16 81 26 47 17 18 56 53 68 25 29 59 60 55 74 75 49 67 15 
19 69 25 68 7 48 54 28 61 23 18 43 64 13 26 59 38 8 36 0 67 6 77 63 20 51 1 5 53 39 55 83 81 10 38 83 83 83 3 83 58 83 32 83 45 83 83 83 5 83 83 83 83 83 83 83 83 79 37 83 57 83 36 33 29 83 83 71 83 22 11 17 83 31 62 14 35 76 41 44 78 27 66 82 74 30 49 46 33 21 56 60 72 
11 77 81 76 2 58 63 56 57 68 61 16 23 15 10 12 75 72 78 60 4 45 27 39 69 55 8 83 18 51 31 83 83 41 83 83 83 83 83 63 83 83 83 41 65 44 83 40 83 83 83 83 83 83 83 83 0 6 83 83 80 14 40 66 47 20 36 42 36 9 40 59 62 34 28 25 30 32 29 38 24 3 33 53 21 35 50 78 82 64 73 48 
71 38 34 60 46 52 25 39 7 27 1 32 80 4 61 10 50 78 72 36 55 64 17 35 2 67 44 51 68 77 56 83 74 83 83 83 83 12 33 83 83 83 63 83 83 83 14 59 83 83 83 24 83 83 83 32 74 83 83 83 42 81 83 83 21 83 83 32 62 40 48 9 14 58 16 28 41 75 76 43 8 3 30 15 73 29 0 57 70 53 26 
1 56 59 34 58 60 76 26 15 54 67 72 66 11 44 39 38 5 49 73 37 4 20 19 29 43 30 48 8 42 79 33 9 32 28 17 83 36 7 22 83 33 83 83 83 45 83 83 83 83 83 83 83 83 78 80 83 83 83 31 38 83 83 83 83 83 38 12 36 0 69 70 38 46 75 45 50 24 68 10 53 21 64 82 35 78 55 62 23 61 
35 54 18 5 51 44 46 67 29 69 48 76 50 59 62 17 42 25 53 77 26 16 56 19 3 65 9 36 20 72 31 61 28 83 82 39 70 34 83 83 52 83 83 83 38 43 83 83 83 83 83 83 83 70 16 83 83 83 70 52 83 83 83 83 10 52 6 31 83 11 8 22 58 15 40 66 21 57 47 30 73 37 13 4 41 80 71 12 24 
19 37 8 58 74 49 65 62 27 73 12 51 16 82 71 23 2 1 43 60 54 25 47 50 26 71 13 29 66 74 70 83 38 33 20 17 83 83 69 31 11 83 83 31 15 83 83 21 39 83 83 83 41 28 83 31 83 5 10 83 83 83 83 83 45 83 32 83 40 75 80 72 53 37 48 61 78 63 10 8 36 42 57 41 18 4 14 68 
82 5 18 77 14 0 72 29 49 44 71 23 26 2 7 52 35 45 36 1 53 57 51 56 25 55 4 6 38 11 46 83 83 83 81 83 50 80 81 83 83 83 40 83 83 83 83 83 83 67 83 22 0 13 83 83 32 33 83 83 83 83 83 63 83 33 41 21 68 28 34 43 33 65 10 64 58 66 69 73 39 24 31 30 76 47 62 
42 52 19 73 72 49 2 1 27 57 55 13 79 21 64 76 51 24 71 68 39 0 3 28 69 50 4 63 83 12 83 67 43 74 83 47 63 63 83 83 83 70 83 75 83 23 83 83 83 83 45 63 83 83 83 5 33 83 29 83 83 83 5 83 22 83 83 83 78 8 77 80 40 62 32 38 61 66 11 44 53 14 26 48 7 65 
14 0 36 6 70 63 8 22 17 37 45 44 0 32 6 28 52 79 78 10 41 31 6 40 31 37 60 81 22 70 63 2 71 70 8 38 20 6 79 14 33 37 20 17 70 40 42 2 52 56 30 32 28 38 59 65 45 41 14 6 80 15 52 51 37 20 74 62 45 41 43 42 40 70 78 42 6 6 63 79 79 79 78 6 42 
69 45 75 14 76 77 82 47 78 24 6 11 12 9 66 67 39 8 64 54 22 59 21 44 26 31 62 81 57 73 13 33 49 16 83 42 28 83 83 45 83 35 83 55 83 83 83 71 74 42 83 83 83 78 32 83 83 83 83 83 0 83 36 83 72 83 0 15 4 42 41 50 7 2 46 63 80 70 1 0 3 19 34 53 
12 68 67 64 66 48 46 11 35 38 27 26 43 20 18 75 58 30 56 59 38 28 34 7 79 17 36 60 62 51 14 83 61 15 33 83 83 83 58 83 83 83 83 83 83 83 83 20 2 83 83 9 6 45 83 83 83 83 83 8 83 2 83 83 37 32 73 49 10 70 32 4 29 50 72 55 71 82 42 47 6 21 25 
64 79 63 67 72 40 13 48 22 15 3 4 50 11 29 71 53 47 23 62 57 16 54 22 8 51 37 56 30 17 83 69 83 33 83 83 22 28 83 83 83 83 83 83 83 83 17 70 55 83 83 70 2 83 83 83 83 83 20 83 74 83 76 82 32 83 6 80 83 42 34 24 41 1 25 28 60 81 58 35 27 5 
21 7 13 55 4 74 71 45 18 39 14 25 69 9 46 23 48 60 1 49 51 31 38 32 29 24 83 83 80 78 42 83 28 83 83 54 8 83 83 83 53 83 83 83 34 80 5 83 83 83 6 41 83 83 83 83 83 41 82 36 83 2 83 22 83 66 79 58 11 77 40 63 76 8 10 62 36 73 47 59 30 
55 58 61 69 42 51 6 81 60 3 59 50 46 75 12 71 7 82 56 73 19 81 47 4 83 65 24 45 68 83 11 22 83 83 83 63 83 83 83 83 83 83 83 77 80 2 83 83 83 52 17 83 83 83 83 83 52 83 40 15 18 83 38 78 83 38 0 8 35 83 48 10 66 27 23 33 9 80 13 43 
60 50 62 25 49 8 70 81 17 80 51 47 9 24 4 72 54 61 21 77 5 66 16 18 48 35 6 75 83 83 81 83 30 26 42 83 83 83 83 83 83 83 43 79 32 83 83 68 38 70 83 83 83 83 15 33 83 22 83 83 83 40 83 82 6 74 59 83 83 34 56 44 53 12 45 11 28 1 46 
28 9 3 19 36 10 69 29 57 54 76 44 56 32 34 39 23 65 83 38 55 21 12 11 46 63 16 68 33 0 27 83 83 20 83 83 83 83 83 83 83 83 45 42 83 83 83 70 40 83 83 83 83 83 0 83 17 83 59 35 41 6 64 74 83 83 25 83 18 24 14 47 5 17 62 53 22 83 
80 9 47 63 46 11 7 24 35 64 65 26 15 69 3 73 18 62 14 25 33 67 34 53 41 19 39 60 8 83 5 21 42 83 83 83 51 83 70 83 83 63 79 83 83 83 8 37 83 83 83 83 83 36 83 70 83 83 83 33 40 83 8 13 23 83 83 20 43 52 29 49 45 0 38 54 32 
53 54 81 59 19 5 79 3 13 27 77 39 75 30 26 68 44 42 78 67 23 64 15 20 18 76 6 2 25 70 28 5 83 83 83 83 82 83 83 83 32 0 83 83 83 32 22 83 65 83 83 83 0 83 74 83 83 83 45 83 37 63 83 83 58 83 7 83 34 21 8 36 10 83 56 33 
56 41 4 82 12 40 49 68 7 48 79 47 72 71 77 64 45 67 14 65 24 73 74 66 30 27 78 61 18 69 63 34 60 83 50 83 62 5 15 2 81 83 83 83 14 70 83 83 83 83 83 38 83 38 83 83 83 32 83 83 14 83 31 83 83 1 20 83 52 26 38 17 83 51 19 
14 66 21 44 16 55 34 18 41 57 8 27 10 3 17 74 69 15 75 43 38 20 9 40 58 0 59 22 46 78 83 37 83 83 83 83 83 83 6 36 83 83 83 2 80 83 83 2 83 60 78 83 45 83 83 83 20 83 25 70 83 83 83 83 79 83 5 68 33 32 28 29 65 77 
31 79 41 20 8 78 78 63 31 17 41 2 8 20 53 81 78 63 41 36 23 36 32 31 60 0 45 37 73 31 31 22 14 17 42 28 36 47 71 5 32 0 43 15 8 63 31 55 31 18 22 3 70 58 2 50 5 80 9 5 52 14 17 80 14 38 14 78 61 74 42 28 70 
53 48 12 79 31 3 13 77 50 34 19 25 38 45 35 54 43 69 56 42 58 62 29 2 26 75 55 10 74 39 76 82 51 83 83 65 22 78 83 30 83 36 78 83 83 83 83 71 31 83 32 49 83 83 79 83 83 8 83 83 61 64 83 44 83 16 83 31 41 83 83 83 
71 29 65 61 72 46 67 76 50 44 62 1 20 7 68 55 54 10 81 73 48 28 31 58 16 27 70 38 24 83 83 77 83 23 57 8 63 83 83 83 22 37 83 83 35 83 34 45 83 45 83 83 83 20 83 83 5 83 83 83 83 74 83 83 83 18 17 83 66 9 83 
15 62 66 60 69 68 16 57 20 47 37 33 38 59 61 75 27 28 23 56 19 80 46 49 30 41 82 34 13 65 58 25 83 64 2 5 22 74 83 6 40 39 67 83 83 83 33 83 17 83 83 83 17 83 83 78 83 83 83 83 83 83 54 83 83 36 63 83 83 11 
56 53 35 68 8 55 11 7 75 3 5 30 39 47 13 62 40 72 54 73 79 1 76 65 80 46 70 71 4 42 78 83 48 45 81 23 83 83 80 33 83 83 69 83 83 22 34 17 83 83 61 58 83 83 38 83 83 49 36 83 18 83 83 83 31 83 83 83 83 
59 76 73 1 48 5 27 74 16 36 71 41 82 25 77 81 28 21 53 36 75 13 7 42 44 78 58 43 47 12 64 83 63 40 83 68 83 6 22 83 83 61 70 83 36 83 41 83 83 83 6 83 83 14 2 83 29 83 83 83 83 46 83 38 83 30 83 83 
4 50 58 27 49 2 24 65 33 57 73 7 70 72 45 5 25 67 40 18 15 17 52 60 30 3 11 23 38 19 44 45 6 10 77 12 74 6 83 83 83 83 83 45 83 37 83 83 83 70 83 83 36 83 83 83 56 83 83 83 83 83 74 83 83 83 82 
15 26 57 29 47 48 82 5 50 77 51 30 22 79 67 59 43 22 64 41 24 0 73 49 38 12 11 33 16 13 45 6 69 83 28 0 74 83 36 83 83 83 17 83 0 83 81 83 42 83 83 74 83 83 83 83 83 83 31 83 83 10 83 32 83 14 
81 9 60 75 11 51 8 14 6 54 55 59 14 36 78 44 31 43 74 4 10 65 61 16 38 66 35 72 0 80 37 18 83 83 32 28 33 83 1 3 83 17 83 28 83 83 83 63 83 83 20 83 83 83 83 83 83 83 83 83 70 83 83 76 83 
33 65 46 7 21 17 59 40 20 16 34 5 11 19 55 6 30 60 18 5 66 12 69 13 35 75 29 82 5 79 61 49 73 80 70 27 38 25 83 9 14 10 41 74 83 83 8 83 83 6 83 83 83 83 83 83 83 83 83 17 83 83 83 83 
32 24 19 67 31 74 49 4 29 71 28 62 12 42 41 35 81 13 45 64 25 11 20 54 2 15 21 2 10 53 73 44 8 80 61 68 83 46 83 36 83 10 83 5 83 52 83 83 63 83 83 83 1 83 83 83 83 83 63 83 83 83 83 
80 35 13 63 21 18 66 46 69 80 64 44 26 36 19 23 77 36 4 53 12 81 43 7 75 10 36 17 20 24 74 70 45 15 56 16 83 67 70 61 14 8 83 58 80 52 83 28 83 83 83 83 83 83 83 83 83 63 83 73 83 83 
39 60 17 51 0 1 68 3 52 15 66 82 45 53 78 67 5 18 54 74 30 22 11 37 35 32 2 65 33 79 42 81 83 83 83 62 16 70 29 42 9 83 83 80 83 83 41 83 83 83 72 83 83 83 83 83 81 83 45 83 64 
57 52 15 71 59 5 49 0 12 67 13 78 9 79 61 10 14 64 10 1 2 76 55 27 37 28 66 80 30 45 22 83 83 63 60 83 6 83 41 83 83 43 38 83 83 36 83 83 83 83 72 83 83 83 83 40 83 83 83 83 
37 46 48 70 76 40 58 61 73 9 14 20 27 49 80 24 42 47 22 12 39 25 30 78 14 34 15 50 74 41 43 23 33 35 56 37 59 0 75 83 83 74 83 83 45 83 83 83 83 83 68 69 83 83 52 83 83 83 83 
52 6 31 20 28 47 0 2 8 75 70 42 63 2 42 22 36 2 31 52 8 37 7 76 81 42 33 69 19 52 58 78 0 45 66 2 21 52 36 52 59 33 40 1 37 14 20 78 80 79 74 37 14 27 31 52 45 8 
43 73 27 23 40 56 0 49 38 63 82 64 36 29 13 18 34 26 77 4 39 28 80 24 48 41 74 52 76 72 75 58 22 45 20 0 83 33 12 5 83 16 58 37 83 83 83 83 83 83 83 3 37 83 83 83 83 
27 19 61 58 26 58 34 33 5 25 57 45 76 11 53 66 30 56 62 7 38 31 50 72 75 80 20 82 17 70 52 83 42 83 22 83 65 23 45 13 83 10 60 83 83 83 83 3 83 83 83 10 83 1 83 83 
49 25 42 13 3 16 6 69 71 39 6 11 19 72 44 29 68 77 22 31 31 78 10 34 80 41 9 64 0 53 48 2 40 14 79 26 83 81 83 83 52 83 83 83 35 83 83 83 5 83 17 83 83 83 83 
52 45 53 15 23 78 51 47 72 36 12 77 26 9 7 71 50 60 8 32 35 66 59 10 20 58 80 83 4 83 40 79 28 38 83 83 32 22 83 14 83 83 83 83 83 83 83 83 61 0 39 83 83 83 
74 47 57 7 75 82 1 16 45 68 18 19 29 9 50 48 78 8 0 17 54 67 31 33 83 76 4 75 44 33 37 6 64 83 21 5 83 83 81 83 83 83 11 83 83 83 83 83 8 83 83 83 83 
0 28 45 69 40 58 40 13 63 41 40 12 33 37 32 2 9 53 6 52 37 35 62 40 28 37 8 79 67 41 55 31 0 10 7 70 40 16 14 70 40 63 81 78 2 78 81 77 5 37 32 41 
51 4 0 24 48 44 20 1 43 82 59 38 27 54 46 80 6 32 41 29 0 31 60 71 55 37 65 79 21 40 50 10 52 33 77 14 28 8 25 76 57 83 83 83 83 83 81 83 83 83 83 
24 32 36 72 1 28 9 17 27 71 18 26 7 14 20 45 79 53 65 41 33 34 49 82 23 13 38 43 28 77 74 83 80 4 83 10 63 83 5 83 83 83 83 83 83 5 83 46 83 83 
20 74 50 25 37 30 72 35 39 48 18 21 75 81 16 51 76 54 58 22 47 57 3 17 59 32 64 41 36 83 83 37 66 83 40 83 83 83 62 78 83 83 12 83 80 83 83 71 83 
42 31 14 62 63 17 32 74 74 81 6 8 30 40 52 10 6 24 67 40 63 45 70 0 46 42 16 78 32 81 43 0 79 50 78 36 31 37 8 37 58 33 52 56 52 17 42 6 
4 66 37 13 38 34 80 44 15 73 55 17 79 62 29 76 22 10 72 3 7 14 47 31 68 70 21 8 45 2 83 33 37 81 77 48 83 83 83 83 83 16 17 54 83 83 57 
12 2 62 65 36 26 53 61 43 73 40 17 39 14 32 20 42 64 77 19 11 29 45 24 12 57 35 51 0 55 59 40 56 67 28 34 37 83 83 9 83 78 33 83 83 83 
70 5 73 56 3 71 34 53 62 81 10 36 35 23 32 2 51 9 43 47 19 42 75 31 29 68 48 38 82 20 52 83 15 83 41 83 83 83 83 83 38 83 83 83 76 
70 63 14 42 14 5 63 38 15 25 6 36 10 19 56 20 32 32 28 6 47 52 72 28 17 42 51 74 31 26 22 32 22 37 80 52 74 17 22 39 32 36 2 42 
23 57 49 21 54 61 6 33 58 47 51 26 22 45 71 69 53 72 35 22 7 79 17 16 39 0 56 19 22 10 20 67 75 32 27 83 50 25 17 83 83 83 83 
67 28 15 59 1 29 41 14 16 32 46 31 58 21 66 36 48 50 40 81 79 62 44 27 33 57 5 79 82 68 55 26 56 47 71 83 83 6 8 83 83 83 
75 68 65 20 4 0 80 29 55 64 32 10 30 59 46 1 7 28 50 28 6 15 44 20 49 21 36 54 39 66 51 73 25 9 61 43 28 23 60 81 2 
19 48 69 72 22 6 73 67 18 17 10 25 46 68 7 64 31 60 32 61 37 76 0 79 62 6 35 57 83 54 83 83 78 83 83 17 83 83 16 83 
69 49 36 80 0 64 61 55 20 20 70 25 50 65 4 10 57 81 56 67 46 6 59 27 31 62 34 1 76 45 60 3 83 32 41 83 83 83 83 
22 67 37 36 40 21 43 6 10 55 53 60 41 24 10 1 70 23 30 47 28 29 44 14 49 45 13 46 51 19 16 3 74 6 72 8 64 83 
51 70 58 59 12 3 80 70 57 34 66 44 30 36 18 58 82 60 11 33 76 65 0 46 9 56 71 35 39 13 24 41 42 83 74 52 83 
8 42 68 56 70 36 2 16 2 24 25 76 79 54 17 58 12 53 42 1 23 70 11 19 3 50 9 61 18 59 47 63 49 40 83 74 
54 14 5 32 25 3 14 37 40 81 37 5 58 12 31 79 22 76 49 36 19 36 6 63 36 41 45 32 0 28 66 74 41 5 20 
81 10 2 48 79 10 31 28 20 0 4 38 50 5 58 41 82 74 38 65 14 63 42 17 5 80 63 22 22 19 32 10 37 38 
1 82 0 80 7 11 56 67 49 81 76 81 12 43 42 41 48 3 28 25 60 54 27 75 38 46 26 58 5 44 52 19 21 
81 20 79 6 4 59 50 69 79 65 10 13 3 25 79 23 9 5 7 75 18 44 11 46 26 79 38 63 2 43 82 27 
31 31 11 61 13 66 21 63 4 8 24 47 7 40 62 42 5 57 58 60 77 19 15 48 69 71 40 78 72 25 35 
9 28 5 52 2 41 75 38 65 78 52 6 61 28 78 66 28 80 8 74 10 2 32 31 52 11 42 78 79 79 
17 6 74 80 14 77 8 13 33 28 79 46 5 40 69 37 45 63 74 36 58 0 63 45 76 70 31 6 17 
42 62 59 54 79 49 74 65 53 56 70 18 69 36 4 1 44 13 67 26 75 23 73 22 35 3 50 12 
30 82 73 14 44 80 27 50 1 14 10 26 40 43 18 21 7 13 22 62 51 48 52 20 54 39 60 
39 77 52 48 45 76 27 18 78 37 51 52 71 47 42 9 29 54 23 41 11 58 15 26 17 80 
55 58 69 42 30 51 64 74 43 61 2 68 29 26 18 21 34 45 57 13 10 27 15 49 56 
52 8 38 46 82 3 37 75 57 38 72 2 33 25 23 11 53 18 17 40 61 12 20 1 
80 26 63 57 31 30 32 81 44 81 80 0 79 40 8 22 6 17 29 45 22 31 81 
28 47 56 26 70 3 71 42 55 46 15 53 0 32 39 72 19 28 51 23 77 73 
42 42 36 9 81 10 35 20 55 40 0 22 41 8 80 37 24 79 79 63 8 
1 71 32 53 70 2 3 26 73 55 60 35 4 54 51 31 66 7 68 69 
29 58 0 46 22 24 4 23 39 54 42 61 45 66 70 19 14 36 49 
33 60 63 74 77 13 40 73 69 65 57 67 72 0 4 50 66 54 
33 38 47 20 81 74 70 81 42 74 33 2 21 22 79 32 63 
68 6 39 64 19 67 65 12 24 11 54 36 50 9 44 7 
2 12 52 8 48 39 50 35 38 34 79 1 24 79 55 
32 33 37 41 31 41 20 80 10 60 74 80 10 38 
30 69 16 22 23 1 64 76 17 38 21 26 9 
79 65 16 82 72 7 27 79 69 51 55 3 
20 62 9 47 80 65 6 81 59 46 16 
49 5 60 19 21 41 42 82 4 22 
64 76 77 68 81 71 27 15 44 
49 4 2 52 7 67 57 13 
56 7 58 77 68 43 67 
0 40 43 55 48 31 
28 64 77 30 39 
37 0 58 52 
16 24 59 
61 34 
29 

