200 133
60 128 27 8 114 85 110 14 53 120 35 62 117 112 101 92 57 127 46 104 118 8 115 84 37 2 16 48 45 97 105 0 86 36 77 49 93 34 25 88 83 77 4 54 15 52 80 19 129 62 108 126 71 12 33 20 58 35 41 56 21 85 7 100 9 30 0 126 52 125 93 76 102 133 133 67 133 133 133 111 133 133 133 133 13 133 133 133 133 133 133 84 133 133 12 133 89 133 133 133 133 73 66 133 133 133 133 133 133 133 133 31 43 133 133 109 133 133 133 133 133 133 123 70 13 133 132 133 84 133 15 95 82 44 41 32 50 121 28 116 28 131 42 3 29 51 73 115 32 78 75 17 22 61 44 21 10 74 72 39 119 63 64 12 69 11 58 65 18 87 1 38 40 68 122 73 113 96 98 12 5 107 82 6 57 130 103 24 66 124 91 106 99 26 20 90 55 59 81 
96 4 126 110 22 109 62 1 68 40 87 114 98 75 77 56 132 76 27 105 27 11 70 88 131 53 85 82 127 30 29 41 99 50 0 6 67 54 86 21 42 80 43 13 55 59 125 33 106 119 20 53 111 128 46 31 37 133 133 2 133 133 25 45 133 58 133 133 133 133 133 133 133 133 133 133 133 133 84 133 133 133 133 36 133 133 133 133 133 133 89 120 133 32 133 35 39 133 133 133 108 133 133 133 133 133 133 133 133 95 133 121 133 133 81 133 133 26 133 133 38 133 23 19 133 91 133 3 97 133 92 66 17 59 133 133 42 114 133 112 110 84 64 115 73 78 124 37 28 8 101 118 69 100 48 74 57 17 117 34 122 83 63 130 107 9 129 10 61 94 47 3 16 72 56 15 93 116 4 12 65 90 14 23 123 49 100 108 102 7 5 103 52 113 79 66 51 24 
57 13 91 103 118 92 111 71 115 5 82 76 112 55 12 104 121 129 45 21 19 35 93 69 126 120 113 12 101 7 72 19 54 67 105 38 26 66 9 89 97 0 132 42 83 11 70 33 46 32 20 48 103 12 8 65 124 39 95 111 24 100 59 122 25 2 133 133 133 106 29 130 31 133 114 133 133 119 133 133 61 60 90 133 133 133 133 133 133 81 133 133 3 133 87 133 133 133 133 115 133 133 49 133 50 133 133 133 133 133 133 133 37 78 133 133 133 133 133 133 133 80 35 133 133 133 77 133 133 133 133 96 8 133 88 133 131 99 74 133 73 80 64 86 51 133 27 110 6 59 28 23 112 36 107 10 123 14 47 4 1 25 127 117 18 116 63 16 34 10 44 122 24 56 53 62 102 109 68 43 15 85 34 52 98 65 79 19 41 94 17 75 30 58 44 51 125 
44 34 71 111 42 81 4 52 23 125 56 102 112 18 127 42 77 42 72 16 24 130 25 81 102 73 103 36 8 22 132 59 125 56 55 90 108 111 96 25 102 130 119 28 115 23 127 11 90 22 102 40 57 4 55 115 13 59 32 59 54 92 20 97 108 63 4 128 113 127 51 88 90 33 33 0 58 36 124 130 87 46 124 90 35 42 99 100 126 55 64 92 78 121 79 84 111 21 29 80 77 99 84 22 32 90 25 88 22 25 119 80 1 8 51 73 56 97 89 127 38 61 122 51 80 62 109 57 127 22 59 35 4 81 108 55 119 59 19 68 97 102 128 31 35 56 11 32 51 12 71 65 89 56 88 64 77 88 3 56 5 21 100 42 89 57 63 97 124 60 77 22 67 57 21 66 41 22 42 87 19 64 130 71 130 10 94 44 20 0 40 11 25 118 114 79 
6 45 99 121 2 44 56 27 101 62 116 114 22 54 85 30 9 122 115 89 110 48 92 4 107 32 1 124 19 81 118 79 83 113 7 117 16 55 123 64 18 119 112 51 57 36 94 115 69 77 30 87 15 85 10 53 0 82 111 109 106 40 102 125 27 33 133 133 128 133 43 133 67 133 133 99 79 133 35 86 63 14 58 32 133 133 28 90 10 133 108 133 27 133 91 133 133 73 133 133 133 133 133 133 31 133 133 133 95 133 133 0 133 133 133 133 133 133 133 27 89 133 133 133 23 37 133 133 133 60 133 97 133 39 61 133 34 103 84 70 81 100 71 104 129 86 58 13 78 24 100 5 66 42 87 11 21 120 12 56 131 38 3 93 26 105 60 98 119 80 96 112 17 50 127 102 76 41 29 132 73 14 130 46 25 108 75 65 52 88 74 49 102 84 47 
123 32 86 50 56 23 38 104 52 1 62 122 37 117 68 24 13 66 112 53 132 87 29 2 111 106 43 65 88 67 15 5 107 63 79 19 25 84 83 93 76 44 109 116 54 0 18 7 92 11 78 81 46 30 98 80 20 77 125 102 42 55 89 18 28 31 7 107 133 11 133 64 133 133 122 105 133 40 36 89 1 45 37 103 45 133 55 133 37 73 7 78 133 115 133 133 89 133 133 133 133 133 133 133 133 133 133 133 133 133 56 72 133 133 133 133 90 133 25 99 133 133 133 73 133 133 126 100 57 133 133 133 117 10 41 41 110 32 43 33 4 12 133 69 108 70 3 111 27 56 127 60 118 28 82 17 58 121 119 71 9 95 74 48 113 129 13 51 99 14 87 75 85 49 21 64 39 101 120 35 131 16 26 87 128 36 47 94 61 96 8 97 35 45 
41 59 83 57 109 80 47 82 12 111 124 128 93 72 131 23 27 28 11 43 89 6 129 55 94 104 110 64 38 63 48 58 92 17 53 122 130 39 81 10 87 127 125 115 112 76 3 89 67 43 5 31 98 49 69 117 113 108 122 97 126 43 68 26 133 77 65 133 88 120 133 117 133 0 133 96 51 133 40 133 133 133 133 90 133 19 133 133 19 133 109 133 133 133 133 11 133 133 133 133 133 30 133 44 133 16 133 133 133 66 133 133 133 133 133 133 133 40 64 133 133 133 55 133 133 133 69 133 133 78 133 133 70 133 5 111 71 46 86 35 4 107 92 121 1 99 101 25 36 84 73 75 42 33 18 95 119 36 20 52 118 114 62 8 100 106 21 116 26 40 54 2 105 44 24 7 14 37 89 91 60 9 22 19 15 74 68 29 61 50 79 102 56 
26 5 75 32 126 15 19 66 38 77 114 123 6 42 124 21 90 54 39 96 128 17 127 14 83 31 125 1 101 18 85 58 72 69 12 94 9 112 131 48 63 97 20 116 49 70 50 35 113 37 40 52 111 57 88 133 79 95 73 47 38 23 133 124 47 30 103 13 63 44 74 133 12 0 133 133 133 115 133 133 133 133 133 133 109 133 129 51 133 19 133 133 133 133 71 133 133 133 29 98 133 133 133 133 133 133 133 133 108 106 104 133 133 133 133 133 77 80 133 133 133 128 133 44 133 133 133 100 133 133 45 133 121 114 108 130 19 22 34 119 55 129 102 87 11 21 16 122 133 27 28 45 89 46 91 132 79 36 76 8 64 7 120 65 4 42 12 93 81 3 10 62 84 67 68 61 92 127 107 86 79 90 33 43 2 60 82 117 53 56 56 105 
36 9 112 108 4 18 45 123 124 67 87 117 48 33 55 81 129 53 113 10 115 55 28 30 98 12 52 83 91 60 17 46 82 56 32 11 100 39 23 79 95 5 95 16 24 109 25 122 80 94 73 21 108 76 29 66 6 89 7 0 69 19 74 131 133 133 75 53 35 133 83 55 133 102 133 133 70 133 133 133 133 133 133 130 68 133 40 133 100 133 133 133 133 21 133 133 133 133 133 133 133 125 133 133 75 133 55 66 133 133 133 133 133 133 133 119 57 133 133 133 90 133 133 133 133 133 106 133 133 85 118 133 110 119 130 37 132 13 124 133 104 96 111 114 20 128 77 15 22 58 41 1 105 2 103 88 50 93 44 38 31 3 120 77 99 61 116 28 107 71 78 81 51 97 88 65 4 84 126 54 70 27 47 127 72 101 43 96 64 124 0 
80 64 49 65 39 86 34 35 81 101 127 120 12 97 63 118 24 91 72 87 57 82 117 106 128 56 52 46 40 48 18 43 79 69 116 89 33 92 96 104 59 114 58 123 38 14 11 46 16 21 57 61 99 37 71 128 132 22 27 74 89 67 133 133 17 126 46 71 133 25 115 133 133 133 133 90 133 133 133 133 8 133 0 32 133 34 133 90 133 133 133 93 89 133 133 133 73 133 133 133 133 133 133 133 133 133 32 133 133 130 133 133 133 133 0 88 133 126 133 13 133 133 133 133 107 133 133 133 33 51 133 70 122 109 50 62 19 66 133 108 125 76 94 112 51 20 77 6 60 119 22 42 75 84 40 4 110 121 105 95 68 30 102 13 54 9 40 103 131 31 124 55 15 45 129 100 98 44 41 73 36 113 78 47 23 85 10 90 102 26 
32 70 7 41 129 82 56 86 2 40 132 40 4 115 113 114 24 66 50 56 39 85 121 64 101 29 54 25 109 131 37 84 83 123 16 38 99 31 96 93 28 53 46 14 45 94 3 18 79 72 62 97 12 81 0 35 34 105 90 133 52 20 104 100 133 126 77 133 83 128 61 111 133 133 130 133 133 133 133 133 133 23 74 133 88 133 125 127 133 133 133 25 133 124 133 133 133 133 133 133 133 133 133 133 133 122 133 133 58 133 133 133 133 99 66 133 133 43 112 5 133 133 133 133 133 17 133 133 19 67 69 81 102 126 133 116 84 133 114 98 22 89 87 73 4 103 91 107 49 90 95 117 118 112 78 59 13 51 15 26 76 1 11 65 98 8 110 36 33 125 60 81 10 48 21 106 47 27 119 59 30 61 23 128 6 92 33 125 64 
73 32 55 87 97 121 128 115 35 8 9 82 110 23 124 57 59 35 99 97 97 33 43 21 21 36 108 88 32 28 87 122 127 88 3 57 27 108 42 102 4 0 12 66 81 102 19 55 89 125 130 115 105 128 55 20 59 63 79 128 127 78 111 87 21 66 124 78 30 11 59 23 25 47 89 79 12 3 4 71 5 71 97 39 40 85 90 20 42 28 49 40 0 57 127 8 34 34 21 122 22 40 99 130 41 127 57 0 20 23 3 51 126 131 71 28 55 50 57 20 112 19 125 57 127 72 33 22 0 87 100 53 102 109 100 63 111 84 34 4 51 71 99 60 78 99 8 90 21 63 71 0 132 80 115 122 19 12 63 119 81 36 66 128 1 42 125 90 68 100 122 78 21 114 23 122 57 94 18 36 42 33 33 109 112 104 117 79 
57 106 26 68 78 14 120 46 116 33 102 125 71 58 28 15 12 78 54 52 76 25 114 132 96 9 56 69 65 22 72 19 67 127 130 131 50 61 18 59 81 118 17 2 30 89 104 0 122 4 103 130 86 43 61 47 100 8 42 105 107 133 133 24 66 133 133 112 133 112 68 133 13 133 18 133 101 133 133 100 133 69 19 133 13 133 133 39 115 8 55 133 133 133 133 133 133 133 133 92 133 31 133 20 133 129 133 133 133 2 133 55 40 133 133 133 21 133 133 133 133 133 133 133 133 34 133 133 133 32 36 96 133 22 84 133 37 63 119 58 121 133 23 44 11 10 83 6 48 111 110 77 99 66 109 124 98 117 41 85 112 29 79 97 45 3 53 119 35 123 16 101 33 95 1 82 90 22 94 75 113 93 60 91 125 88 7 
67 94 76 128 96 62 16 69 21 40 35 89 61 45 50 25 33 49 95 36 56 120 34 124 5 118 53 126 119 93 21 38 20 39 72 19 26 63 97 44 131 95 14 43 58 90 55 75 51 133 22 17 48 46 133 6 30 11 133 133 112 0 133 133 66 133 88 133 133 31 99 84 133 133 18 133 24 84 73 133 133 13 133 81 133 133 133 133 71 133 133 133 133 133 133 133 133 123 133 133 133 133 35 133 133 133 133 133 133 133 99 32 133 133 133 111 9 133 133 133 54 133 133 133 96 133 133 52 122 8 78 107 33 102 133 14 133 133 122 133 10 79 3 106 80 86 70 77 64 92 87 17 1 100 41 109 23 59 113 127 83 27 111 68 121 60 125 37 98 74 103 13 129 29 91 99 42 132 116 130 105 110 2 78 78 85 
72 27 119 101 111 34 104 27 63 115 116 29 123 126 30 124 93 13 114 0 73 107 88 14 95 58 17 20 37 5 103 1 9 43 78 108 75 120 92 105 80 8 28 84 113 42 59 79 94 13 23 96 33 102 17 54 66 50 42 82 133 133 8 80 133 125 7 120 1 83 22 48 129 133 133 133 38 11 35 133 51 133 57 133 133 133 117 90 133 133 133 133 133 133 133 133 133 133 133 133 69 70 133 133 133 133 133 133 133 44 130 133 133 133 97 133 46 133 133 133 133 133 133 130 133 133 133 25 119 26 49 133 100 133 125 133 47 48 60 77 11 71 54 6 40 53 81 123 101 36 7 4 21 131 91 24 12 32 90 109 10 27 16 74 3 40 127 86 129 118 89 121 31 87 64 19 65 68 85 99 45 15 89 128 61 
46 77 93 108 56 31 66 125 111 76 126 15 107 118 25 74 23 82 57 62 2 32 37 8 97 88 130 103 65 11 83 30 10 35 111 120 13 39 110 68 119 70 22 84 61 63 121 87 8 18 89 123 17 77 85 36 4 30 6 35 133 76 132 51 73 133 3 99 64 0 55 133 103 113 81 133 112 131 122 79 133 64 59 133 133 133 99 133 133 115 133 133 133 133 133 133 133 133 96 133 20 133 95 133 133 114 133 133 100 59 21 20 133 125 133 133 133 133 133 133 133 133 133 133 133 31 30 71 133 133 50 127 133 52 38 109 116 14 44 100 29 48 33 113 98 106 9 54 25 34 27 130 24 41 40 43 49 80 47 91 90 128 60 104 108 50 69 67 117 78 42 54 5 99 100 105 58 16 53 28 85 64 125 52 
78 41 116 53 29 70 97 35 2 59 132 69 43 34 33 61 101 73 47 113 87 19 14 75 120 115 5 7 51 21 42 103 72 89 67 79 6 119 99 52 54 1 108 131 65 49 61 109 125 26 62 106 43 23 57 40 0 37 110 130 17 133 58 88 56 133 133 133 12 133 133 133 133 133 133 32 133 133 90 133 13 133 133 133 133 80 133 133 133 66 133 8 133 133 133 95 133 133 133 90 133 133 48 133 133 133 133 79 28 133 133 133 122 133 17 133 133 133 39 133 133 133 133 133 133 133 13 42 31 84 81 133 133 22 44 98 133 93 20 128 94 45 106 63 100 83 124 36 118 25 50 28 56 11 96 126 80 24 71 27 105 127 107 3 117 129 121 30 109 104 10 78 11 4 60 91 18 15 57 16 88 102 9 
89 32 84 32 113 52 84 90 115 55 122 27 15 90 12 55 74 19 20 100 88 102 108 11 26 20 8 78 35 81 102 42 77 4 130 81 11 51 97 73 27 55 90 115 25 119 46 55 33 42 127 66 59 33 87 56 73 115 63 73 33 12 48 35 78 97 73 29 64 71 11 12 108 57 116 108 90 37 4 41 55 73 19 40 5 127 127 21 11 21 73 27 35 4 81 108 0 57 53 11 64 87 36 12 57 25 123 76 59 84 79 92 19 90 28 128 78 78 11 28 125 108 13 77 23 9 55 71 124 67 12 119 57 25 115 125 20 50 40 42 88 73 100 125 90 27 61 40 22 59 100 36 33 115 80 7 22 111 16 88 27 35 10 44 8 88 64 62 77 111 112 31 30 79 112 34 70 127 19 6 80 13 
58 113 106 4 8 108 64 19 61 1 39 44 95 92 17 51 45 7 9 48 53 84 121 20 24 126 129 72 2 16 34 122 70 60 30 117 116 50 27 38 0 74 25 115 63 63 79 62 22 23 32 105 110 43 20 133 133 57 125 133 10 128 133 65 133 133 59 133 21 133 133 133 133 124 133 46 90 133 63 133 133 133 133 40 133 133 133 133 133 133 133 133 133 133 133 133 133 40 133 133 133 91 133 133 133 130 66 133 133 98 119 133 133 133 133 83 18 133 133 133 88 133 133 133 128 36 133 133 42 133 133 123 133 133 77 11 109 12 110 56 71 133 80 107 88 20 100 97 29 55 111 47 68 120 13 26 33 28 118 103 85 59 15 94 31 49 3 102 6 99 78 56 131 52 69 76 5 4 124 73 75 
130 77 81 115 13 68 50 71 82 10 112 8 41 43 88 72 74 17 6 52 70 92 111 75 60 86 47 67 44 12 107 84 129 31 51 48 19 94 105 54 53 45 61 14 109 16 118 66 33 59 49 28 114 113 3 132 133 76 110 55 97 64 12 20 8 56 104 36 133 9 100 23 55 10 65 125 133 33 133 133 126 133 25 133 133 133 133 24 133 133 133 133 133 133 133 133 111 133 133 133 133 133 133 9 88 33 133 133 133 63 133 133 133 133 133 26 133 133 0 133 1 133 133 33 99 133 133 127 133 30 133 133 90 133 133 119 133 7 22 102 133 123 55 32 122 133 36 128 91 39 125 38 78 11 5 29 97 69 106 89 21 57 37 40 96 34 15 4 18 115 111 110 95 98 80 103 104 27 73 83 
101 28 109 32 126 106 47 116 120 20 45 10 5 119 85 33 79 43 108 74 18 12 131 61 80 14 3 2 86 4 15 11 96 122 118 70 110 26 103 105 71 50 8 0 89 37 60 25 57 13 133 132 98 133 75 69 31 133 8 23 100 54 38 133 12 133 133 133 1 133 62 22 133 133 66 133 55 133 65 133 133 99 82 133 133 133 133 133 133 133 133 133 133 36 133 108 133 133 133 133 133 133 133 40 64 133 133 133 109 133 133 133 133 133 133 133 133 133 133 133 133 133 22 48 133 133 79 133 73 133 21 22 133 133 34 9 63 51 133 81 67 88 28 64 93 58 7 121 94 102 29 92 87 44 123 125 59 76 114 42 128 49 83 41 90 97 95 52 12 40 78 115 31 39 24 17 112 40 107 
40 44 111 72 5 2 18 14 90 10 1 95 13 58 59 49 62 73 130 117 44 60 86 96 123 119 87 26 68 61 22 112 52 85 53 127 109 12 19 79 54 121 115 65 41 11 72 71 122 84 84 74 38 97 103 50 133 110 66 133 133 90 126 89 98 66 0 94 86 36 59 120 51 0 101 56 20 121 27 7 3 94 53 92 29 38 100 81 8 133 95 133 133 53 108 56 49 33 124 133 133 133 28 11 133 133 30 88 133 133 133 133 133 133 133 83 133 133 133 133 133 115 83 133 133 81 133 133 133 51 133 133 133 55 133 15 100 39 129 36 128 107 64 0 78 80 57 76 46 17 70 25 113 110 89 4 16 47 63 43 67 34 27 33 82 102 37 35 73 21 50 6 92 56 114 100 125 99 
92 51 112 12 36 100 102 44 34 87 105 60 13 100 27 63 127 28 80 39 35 88 71 40 70 32 73 90 40 56 19 99 111 55 28 25 56 99 78 73 36 23 44 20 57 89 0 28 128 13 42 27 100 4 4 79 130 106 108 55 13 102 121 97 84 89 81 90 59 38 88 97 10 13 65 130 36 4 63 110 4 23 35 122 90 0 3 22 99 3 89 55 87 17 44 78 77 57 11 20 119 69 101 22 115 102 52 70 77 80 102 56 13 27 70 122 84 111 22 8 58 78 35 59 18 57 125 8 56 125 97 100 105 64 112 87 59 25 108 71 115 20 12 56 90 97 88 59 3 19 117 28 112 47 32 128 57 54 42 84 88 56 107 4 36 90 132 67 35 122 42 84 73 19 53 129 42 
91 57 130 0 21 19 47 81 66 73 38 57 102 71 8 40 12 90 54 42 70 125 131 90 28 4 111 8 19 42 22 27 125 102 81 42 27 115 64 55 2 130 81 55 79 130 128 0 70 65 102 112 89 13 100 57 6 36 63 19 80 41 35 130 40 32 99 27 107 56 108 69 64 120 3 130 22 57 121 13 99 130 36 21 90 112 0 0 33 80 44 128 96 22 102 57 42 128 40 88 63 85 125 90 79 53 87 3 19 90 79 0 27 130 27 109 44 32 78 61 40 81 111 7 73 11 89 97 35 119 90 72 78 35 20 0 115 8 97 34 45 124 100 124 3 78 19 77 11 9 111 102 37 36 4 102 106 89 128 64 78 110 28 109 35 124 48 124 71 84 78 128 111 86 15 33 
125 66 33 70 77 50 122 73 55 17 40 87 35 19 32 63 108 69 70 57 111 122 79 35 40 130 125 51 8 97 40 112 19 13 77 130 115 42 3 10 124 51 22 35 111 115 78 33 97 77 51 100 32 3 130 67 127 4 57 19 113 130 0 40 35 87 70 75 71 8 18 73 33 130 77 63 4 93 40 55 119 34 11 70 79 125 99 13 22 99 125 104 87 73 127 130 42 25 4 26 121 28 23 109 116 73 33 73 87 13 125 100 97 55 0 20 99 115 123 124 127 55 30 32 34 21 64 81 79 66 129 32 88 79 36 122 99 108 77 36 35 90 28 76 130 35 73 42 5 128 25 46 88 80 79 45 78 100 125 35 98 78 8 109 106 117 109 108 32 21 0 22 38 118 108 
83 39 114 26 12 67 112 51 35 61 106 123 131 0 96 94 119 15 24 115 82 31 56 17 27 42 77 73 19 32 109 48 10 9 130 91 75 44 11 40 127 72 31 56 111 18 21 132 16 133 92 38 133 133 57 70 133 120 33 81 32 46 22 133 133 65 59 133 30 8 90 4 133 133 133 43 71 133 133 133 133 133 1 133 133 133 133 133 133 133 56 133 133 133 133 133 5 133 19 130 133 133 133 97 133 133 29 133 133 133 133 133 7 133 133 133 133 108 133 133 122 102 133 4 49 33 69 133 133 36 133 3 101 34 121 60 99 78 108 133 28 98 84 55 6 14 87 20 85 103 66 49 41 45 13 104 117 107 86 56 47 25 58 128 57 80 98 50 62 105 95 23 63 74 
116 71 65 125 103 91 10 102 74 45 85 49 129 104 30 21 1 120 31 92 123 107 6 81 37 105 41 113 110 9 82 79 80 17 8 93 34 127 118 119 121 81 108 26 75 133 25 133 84 133 11 55 52 20 133 133 133 133 80 133 38 133 133 133 133 33 133 133 87 133 122 133 23 133 133 13 133 133 133 133 133 112 133 133 98 133 133 133 68 99 133 133 133 133 133 133 133 3 124 133 133 133 21 47 16 54 78 133 133 66 133 133 133 15 133 133 109 117 133 133 21 88 133 133 39 100 133 133 22 133 101 18 133 32 76 46 28 25 133 51 97 111 128 27 35 40 90 67 94 87 7 63 133 0 77 56 57 42 73 72 89 95 64 22 96 62 14 13 3 60 19 28 36 
103 95 51 55 114 20 34 17 41 50 65 44 98 31 81 48 101 49 68 29 110 93 85 62 107 67 72 90 38 105 43 106 26 58 125 131 13 121 83 118 18 14 129 23 80 119 32 133 128 25 40 97 90 99 73 122 115 124 111 76 67 26 133 123 4 124 5 55 133 87 133 133 6 133 22 5 133 80 60 124 22 65 86 133 133 38 8 133 89 19 133 133 133 133 133 133 0 42 133 133 133 59 133 133 133 133 120 133 133 133 133 133 133 30 52 77 27 133 12 44 78 133 133 133 133 133 133 64 133 130 12 104 133 127 37 108 28 133 23 56 109 104 88 70 133 19 3 6 11 100 111 94 87 63 46 79 7 42 21 66 69 90 34 54 102 74 84 9 82 35 59 1 
125 77 47 5 123 13 83 53 73 31 61 102 33 55 98 62 7 17 118 88 16 94 93 113 117 64 19 49 44 35 86 20 39 105 54 111 74 91 112 26 81 110 43 36 87 99 92 11 58 133 133 78 89 133 133 133 112 34 133 45 133 133 133 97 133 133 79 133 70 132 133 133 133 28 8 133 121 133 133 133 133 133 133 133 60 133 133 27 133 133 133 133 133 133 133 84 66 133 133 133 119 75 133 133 133 131 133 106 133 133 133 127 133 133 0 133 133 133 23 133 133 133 63 133 133 133 35 51 38 51 13 37 65 32 93 124 133 22 115 53 40 30 67 47 71 2 57 109 95 12 9 130 90 100 41 46 13 68 108 56 42 25 104 76 96 14 101 22 112 119 129 
35 92 116 9 84 126 91 24 71 89 62 96 108 58 18 110 48 76 74 83 114 1 37 119 104 47 72 109 54 122 29 121 33 15 127 3 106 93 0 16 117 60 88 86 31 22 98 130 101 81 40 44 20 10 103 55 133 133 6 111 133 61 34 133 133 113 133 79 133 133 133 133 3 133 75 133 133 133 133 133 133 133 133 133 53 133 56 133 133 133 123 133 133 133 0 0 133 133 133 13 133 80 133 133 133 133 133 133 133 67 133 133 133 88 133 133 90 108 85 133 133 38 133 133 133 11 133 133 112 133 133 50 66 54 97 133 133 105 7 81 52 128 36 64 4 9 88 131 59 46 21 23 32 109 51 12 100 5 49 57 108 68 8 63 41 69 94 70 42 28 
124 125 124 2 21 36 71 33 28 127 64 126 27 100 3 102 20 51 119 63 97 40 1 87 111 34 90 128 102 111 28 111 28 39 8 11 90 81 119 127 70 11 36 33 35 25 40 77 80 61 66 59 73 89 89 57 28 71 84 73 79 67 11 56 117 79 48 90 3 88 89 81 63 130 108 22 19 28 81 128 28 34 59 27 78 86 13 100 0 35 20 12 84 85 18 130 80 112 131 122 57 100 122 115 71 70 79 70 78 125 124 111 106 59 21 77 96 44 111 35 79 21 57 111 38 35 88 127 88 130 22 28 122 54 25 81 84 40 8 20 8 127 75 79 0 14 71 88 125 101 8 127 11 127 91 112 36 70 90 5 128 97 59 108 19 130 83 116 111 
2 58 89 11 71 128 15 80 41 118 23 99 70 61 91 16 6 121 116 72 29 68 115 107 86 62 53 123 69 96 31 112 80 85 18 4 24 44 57 64 0 130 63 5 113 52 19 56 35 73 76 133 133 77 133 133 111 126 133 108 12 129 133 89 133 59 117 26 133 133 66 133 17 133 133 133 133 133 133 27 133 133 133 133 80 9 133 133 133 133 50 104 20 79 133 133 133 3 133 133 133 133 133 133 133 133 133 133 133 133 133 12 133 13 133 109 133 133 133 133 125 133 133 23 133 133 25 133 133 132 22 41 102 65 133 127 43 42 133 48 83 128 46 133 128 78 40 133 25 114 119 98 75 3 120 110 88 4 59 32 21 51 38 84 7 70 90 60 
74 127 55 25 113 109 126 120 49 125 121 37 68 111 71 94 15 79 76 6 45 86 60 24 14 96 64 63 19 107 26 36 93 34 77 72 21 17 46 69 16 108 54 27 22 123 112 73 18 50 111 3 90 101 25 89 119 58 87 71 118 99 4 45 109 101 19 21 102 19 106 38 114 133 131 133 133 133 133 133 133 133 133 35 133 133 44 133 133 133 67 90 51 47 133 133 97 133 133 98 133 133 133 133 133 133 133 133 133 133 71 133 133 133 128 133 133 133 133 133 80 57 11 42 133 63 133 133 82 81 133 12 133 19 115 20 32 130 28 62 73 40 100 88 19 12 99 66 68 75 54 105 59 9 48 122 84 124 39 31 118 65 53 129 56 33 78 
63 116 16 53 93 23 24 15 111 91 118 69 75 1 49 62 84 30 57 38 61 46 3 56 4 105 21 40 102 88 8 115 77 32 22 78 60 96 6 13 70 27 18 107 113 31 109 50 97 127 90 25 59 20 106 104 71 59 81 24 4 80 115 87 127 44 24 68 28 85 133 133 77 14 133 133 6 67 122 133 133 133 0 133 133 133 133 133 107 133 64 11 133 133 133 108 133 12 133 133 133 133 133 133 133 133 133 26 133 119 133 133 133 63 94 47 133 133 133 133 133 87 133 133 133 133 52 129 103 45 73 133 73 42 79 95 66 89 37 11 131 48 127 119 35 129 125 39 130 100 71 99 126 87 117 112 55 42 92 54 103 83 132 8 22 29 
122 40 99 130 40 13 13 102 127 22 100 89 78 66 63 23 8 102 27 88 0 71 90 51 115 71 21 22 19 51 127 28 127 97 56 51 97 70 20 88 87 73 33 79 130 84 78 128 70 112 26 108 57 32 89 63 84 93 44 78 104 119 5 34 20 32 127 76 23 12 44 55 112 89 0 100 55 25 127 77 21 61 25 71 42 108 4 102 32 98 69 33 102 90 9 13 78 57 57 111 56 51 90 64 77 13 57 13 86 97 84 99 65 19 55 57 99 125 44 79 47 70 0 122 22 4 59 70 11 50 56 77 57 35 87 51 130 99 31 80 44 62 97 73 25 67 99 77 71 32 120 57 128 125 96 103 97 89 64 36 90 80 129 54 89 
20 103 91 60 37 23 100 95 33 35 34 24 26 111 49 131 110 121 132 76 10 25 104 94 70 82 18 106 34 22 93 88 29 90 51 2 14 68 129 16 0 127 102 44 12 15 30 125 84 66 23 117 64 98 128 32 59 0 130 20 97 111 99 133 85 74 100 98 20 78 92 46 94 28 14 133 133 68 105 123 78 133 133 133 133 133 133 133 71 109 133 133 133 3 133 133 133 133 133 133 133 6 133 133 133 39 133 124 133 133 133 74 133 65 133 133 133 133 133 89 133 133 133 34 133 62 58 30 87 9 64 82 133 96 115 10 46 84 41 53 79 80 86 27 35 25 66 43 63 4 31 125 7 81 89 112 113 5 119 108 48 87 36 69 
68 87 121 30 123 56 14 117 4 62 86 9 105 31 65 104 127 44 70 77 120 75 85 96 93 60 130 78 38 131 116 98 43 93 57 58 55 69 26 133 89 6 84 99 97 68 94 133 40 3 133 133 133 133 18 20 76 133 40 133 23 133 133 28 133 109 133 133 133 133 46 133 110 133 72 133 133 133 133 51 118 82 133 133 133 133 133 8 80 133 133 133 102 133 133 133 5 133 133 133 133 133 17 133 1 48 20 133 133 133 59 133 133 133 133 37 133 133 78 133 64 50 133 133 126 133 113 51 22 61 114 2 118 117 90 82 119 108 19 81 20 11 112 27 66 10 42 122 128 54 39 103 88 115 92 11 129 124 95 47 32 111 35 
29 76 14 116 81 120 115 47 22 65 106 43 3 10 125 26 69 63 74 52 60 7 101 77 84 75 36 58 94 51 129 31 62 38 37 40 132 127 82 117 2 108 66 28 64 21 111 33 10 127 104 97 42 86 87 126 53 90 34 22 30 41 133 133 36 133 92 112 133 133 133 133 133 133 133 133 133 133 59 133 133 133 133 133 133 133 100 79 133 133 133 56 133 133 133 133 133 133 133 133 72 133 133 61 133 23 133 133 133 0 133 133 133 133 133 133 133 119 133 133 106 109 133 122 118 133 11 110 133 19 133 133 95 15 45 4 107 133 57 67 15 80 99 121 44 133 114 102 89 13 121 122 70 98 39 1 16 130 20 12 122 55 
35 105 104 12 7 68 74 61 63 117 76 88 110 95 106 18 83 17 2 36 120 115 114 128 122 27 119 52 16 69 94 82 55 90 28 11 10 50 51 45 41 111 30 84 59 21 34 40 22 37 57 66 46 77 102 92 79 125 99 133 29 24 118 73 90 78 49 27 24 60 103 45 133 41 96 98 94 100 94 73 133 1 133 133 129 89 42 115 133 133 77 133 133 133 133 133 133 133 133 133 133 80 133 133 56 133 133 133 33 133 81 54 133 133 133 133 87 133 133 133 133 133 19 133 133 125 133 101 26 133 10 0 4 72 79 64 92 44 89 90 133 13 27 121 39 1 71 20 97 126 3 112 86 70 53 116 123 23 32 73 124 
125 107 66 112 42 131 2 55 128 30 104 117 93 29 116 39 45 74 68 18 123 49 46 38 77 103 79 3 120 122 90 78 47 33 1 81 59 41 70 69 77 4 127 24 16 21 83 101 31 62 96 15 64 67 113 66 14 34 94 27 99 86 22 91 123 104 37 133 9 104 111 94 133 133 50 100 128 133 133 6 133 98 133 133 77 0 133 10 133 3 133 72 133 133 133 133 133 133 88 133 133 133 133 28 133 133 43 55 133 133 133 133 34 133 133 124 133 110 11 133 133 54 23 133 56 133 94 133 133 67 61 85 133 57 133 52 40 35 77 12 97 130 105 5 13 21 36 19 71 20 21 87 114 65 132 119 70 51 56 115 
61 11 110 78 29 43 6 80 47 25 123 39 85 10 121 129 7 42 20 99 92 112 33 35 132 23 2 31 107 126 119 49 52 5 9 114 1 34 71 63 113 40 103 27 0 95 67 77 21 94 89 70 26 98 73 51 124 57 133 133 133 25 64 133 133 68 133 133 133 133 133 60 133 54 133 128 133 76 106 133 133 133 133 55 97 133 133 133 19 133 133 133 133 133 65 133 133 133 133 133 133 133 127 133 133 83 130 133 101 15 133 133 128 91 125 133 133 133 133 133 93 133 81 35 8 10 48 4 72 45 133 133 128 51 72 59 90 112 50 3 87 111 133 38 122 81 93 16 109 78 22 38 36 44 118 116 80 3 127 
40 63 48 78 74 105 86 89 112 45 131 7 39 100 124 58 113 75 97 60 103 93 59 71 1 8 50 47 41 6 68 10 26 62 44 91 54 95 125 12 98 27 130 125 29 55 72 73 108 110 81 24 51 42 115 119 66 0 8 56 127 79 133 133 133 133 133 133 133 133 133 133 133 133 109 133 90 133 67 133 133 133 70 11 133 133 133 108 133 133 133 133 133 133 133 35 133 133 133 133 133 70 133 133 5 128 133 133 133 133 133 133 133 35 133 133 106 133 133 0 14 133 32 133 133 133 133 133 129 133 132 20 57 52 97 25 87 77 3 133 36 133 34 109 131 114 85 27 11 103 101 76 2 46 102 4 42 122 
115 128 34 115 51 122 51 130 81 122 125 89 12 36 88 56 99 23 130 13 55 47 57 4 130 13 22 81 73 90 90 90 88 64 64 122 22 72 56 12 34 34 107 66 111 4 81 21 22 74 34 0 98 71 110 81 111 130 40 7 77 111 100 25 35 64 102 25 84 64 0 87 63 60 20 44 23 0 77 122 64 2 43 102 89 40 83 11 125 56 66 111 128 124 33 56 4 108 100 130 30 44 128 115 50 99 55 87 34 33 19 80 118 88 56 13 128 97 90 112 127 27 109 23 66 27 88 84 111 73 94 100 130 52 44 66 84 95 64 71 97 28 67 90 57 66 38 105 51 111 90 34 28 32 103 24 40 
3 17 67 22 105 49 82 106 43 109 96 104 44 64 45 26 79 101 29 30 78 92 116 18 117 46 132 0 128 125 10 111 129 68 36 31 33 74 100 54 113 122 65 66 127 51 124 114 0 90 38 87 102 23 115 7 12 77 8 133 119 122 133 28 133 2 133 133 133 133 133 107 23 133 133 133 133 133 133 133 73 27 133 133 133 88 133 133 133 50 133 133 6 133 133 133 133 133 133 108 133 133 133 40 133 133 133 133 133 133 86 57 47 133 133 133 133 78 133 39 99 133 53 133 85 98 71 133 84 56 133 133 40 61 133 133 125 59 19 118 9 57 55 52 34 109 33 89 81 126 118 76 41 0 73 62 
71 98 17 45 122 75 53 85 131 106 74 2 67 15 50 10 31 91 132 109 113 27 28 104 41 1 29 46 103 110 49 76 14 47 92 79 59 8 63 35 78 51 6 84 108 77 96 22 130 112 20 111 8 95 40 77 80 4 4 49 107 133 8 64 99 133 133 52 133 49 25 90 133 133 133 133 133 133 133 32 127 133 58 133 34 133 133 133 133 133 133 133 133 133 133 72 133 133 78 133 133 133 55 133 133 133 133 133 133 26 71 133 133 16 133 133 93 133 133 4 133 93 133 94 39 108 133 125 109 23 105 12 22 13 133 66 133 17 69 82 73 44 129 81 56 32 119 30 121 89 87 24 55 4 38 
9 40 76 59 42 60 106 102 5 54 126 118 107 6 114 116 1 64 3 62 53 37 39 123 50 95 52 2 119 82 14 83 21 24 12 79 121 101 26 34 87 105 20 43 46 124 56 73 72 128 63 36 84 122 25 97 90 133 41 133 0 133 48 133 94 133 133 133 65 133 108 133 91 133 133 133 133 133 56 8 133 133 133 77 133 133 120 133 133 133 133 133 133 133 133 133 133 55 133 133 113 128 133 133 133 133 133 133 133 59 133 133 133 133 133 58 133 133 19 133 133 133 133 133 133 133 33 23 110 133 127 104 133 133 22 30 85 133 57 32 133 75 92 70 71 45 82 10 133 66 117 27 55 109 
7 124 8 118 5 116 120 30 93 114 104 86 95 107 24 110 16 4 108 45 15 32 37 69 103 6 26 94 70 101 31 129 117 124 125 132 78 46 99 121 58 79 71 49 105 80 133 41 79 133 56 85 133 133 112 28 128 60 133 84 133 133 113 133 133 133 133 19 133 19 133 133 133 133 133 126 133 109 19 133 133 133 56 133 133 133 133 133 96 133 133 53 133 133 18 63 97 133 133 133 40 133 133 133 133 133 133 133 23 133 133 133 133 51 133 133 133 27 133 133 133 133 106 77 133 88 122 133 133 130 25 57 133 59 6 73 0 133 97 65 133 50 36 8 64 90 87 81 29 44 13 4 11 
58 4 91 38 61 98 60 82 93 117 108 19 46 104 27 74 0 32 72 69 85 113 52 84 34 37 116 14 75 26 120 49 128 121 66 45 110 108 54 34 43 125 41 64 77 95 127 36 114 109 100 12 122 131 125 25 115 133 106 133 129 133 124 8 101 133 133 133 13 133 111 133 133 133 133 133 79 4 133 133 133 57 133 133 133 133 18 88 133 133 133 133 133 102 133 34 133 133 133 87 133 133 133 133 133 94 133 55 133 133 133 133 133 29 133 133 11 107 133 133 133 133 90 133 15 111 50 133 56 47 53 133 11 133 1 68 97 73 35 10 33 78 89 10 133 62 126 15 116 112 130 5 
48 18 17 62 15 84 30 68 112 67 118 50 132 55 1 33 75 126 21 41 65 46 4 25 120 83 93 38 123 82 114 20 29 52 91 101 71 14 116 97 23 4 99 19 77 5 40 57 0 74 34 54 85 84 12 47 67 42 104 127 53 85 69 47 133 133 67 22 7 125 90 133 39 133 133 111 119 133 133 133 124 133 133 133 133 133 24 133 133 133 133 33 133 133 109 133 133 133 32 133 133 133 133 133 133 133 71 133 133 133 133 133 2 133 133 78 133 113 133 133 96 133 133 108 73 133 133 0 13 98 95 35 133 3 133 100 115 105 37 61 71 89 29 59 81 130 129 12 70 8 121 
60 69 65 130 123 73 20 103 117 92 18 44 87 67 102 1 9 24 110 2 40 5 118 58 74 36 29 101 126 132 51 120 88 75 109 55 82 52 54 22 10 94 111 89 131 44 124 56 28 26 21 64 27 3 100 98 130 75 85 13 83 94 68 9 5 66 79 81 7 37 133 81 133 133 32 59 133 133 121 32 12 91 133 96 41 133 133 133 133 107 133 85 133 77 133 46 133 122 56 133 133 133 133 113 45 99 133 133 133 133 133 133 133 133 73 133 91 133 133 0 133 133 133 81 133 133 128 133 133 133 127 106 11 88 25 55 45 14 31 4 84 133 58 115 127 38 71 80 112 114 
74 45 16 83 72 103 113 41 62 9 119 58 2 21 76 50 52 6 17 123 35 92 131 24 65 56 47 67 53 99 7 0 64 69 44 38 14 109 128 29 73 51 28 121 97 120 125 43 37 133 95 34 117 21 132 8 133 133 133 133 57 133 133 133 133 111 133 133 133 133 133 133 133 13 124 133 133 133 42 133 133 133 133 133 133 133 133 133 133 133 133 133 34 133 101 133 70 133 126 133 133 129 133 133 100 133 133 98 110 133 133 133 133 12 133 133 1 133 30 133 133 120 102 133 133 97 53 133 11 42 133 55 71 66 97 46 22 15 32 70 19 133 40 48 39 86 80 100 96 
127 14 6 124 83 98 129 107 27 47 43 101 78 21 29 104 79 86 121 118 113 126 91 41 105 9 58 100 33 132 33 26 39 4 24 82 16 87 109 95 90 2 31 12 52 3 7 59 128 49 44 48 71 111 25 73 55 122 36 19 17 60 68 64 40 90 133 133 133 133 133 133 36 128 99 133 133 87 133 133 133 85 103 133 133 133 133 133 133 89 133 33 133 54 133 80 133 34 133 133 133 50 133 128 133 133 133 133 133 133 133 133 57 133 133 133 133 133 133 133 133 77 133 133 125 133 133 133 32 133 62 35 23 44 70 56 22 40 13 133 51 20 96 15 68 115 25 102 
82 1 102 128 96 24 119 94 103 123 42 33 15 5 75 118 72 25 3 2 88 78 7 71 121 86 46 42 84 112 67 91 0 26 54 23 17 12 55 21 47 81 66 96 111 64 26 132 101 28 68 37 45 83 70 19 116 91 52 73 2 9 81 64 89 13 133 112 92 133 109 35 99 133 133 56 124 86 88 123 110 131 133 133 13 133 74 52 70 133 36 130 29 133 33 54 94 133 133 133 19 48 115 133 4 133 133 133 133 133 133 87 133 72 31 50 133 133 133 133 34 133 133 44 41 133 14 63 126 119 133 118 78 90 38 73 27 8 117 133 80 40 10 35 100 108 21 
33 53 104 115 124 116 75 42 118 18 8 60 11 23 77 126 83 59 9 63 47 91 74 76 103 50 128 49 105 17 51 99 61 1 95 107 113 10 12 100 89 28 43 8 101 52 94 88 13 36 72 80 21 114 111 129 32 86 34 87 90 54 81 56 133 133 64 133 22 12 108 0 133 97 133 55 133 133 133 99 133 133 133 110 133 133 133 133 133 112 133 133 133 28 133 133 133 133 133 133 133 64 133 133 133 133 133 133 133 133 23 133 133 93 133 2 133 133 133 59 133 133 4 133 133 133 25 133 57 133 5 11 37 132 62 84 77 133 35 122 121 48 70 27 130 58 
58 75 24 32 88 65 68 15 66 55 43 114 129 94 20 53 16 120 21 57 107 28 70 9 34 127 90 42 37 71 112 85 100 46 124 62 45 97 103 17 19 13 8 47 29 108 73 23 95 95 23 40 40 35 56 91 79 96 130 133 5 36 98 105 74 133 59 101 133 81 36 127 57 4 21 7 93 133 19 60 133 82 133 133 133 133 133 133 112 133 126 133 23 54 133 133 133 133 133 133 115 133 121 133 133 133 133 133 133 87 133 72 133 133 133 133 133 133 0 133 133 13 133 26 133 55 133 125 133 76 108 27 133 4 3 59 27 49 25 25 78 128 63 66 67 
61 131 98 29 44 41 37 86 84 24 88 79 21 9 2 91 101 114 51 34 23 65 108 7 57 26 77 43 96 115 49 123 112 36 18 130 13 94 6 64 95 71 62 117 59 50 22 38 10 103 109 87 15 4 1 113 55 31 12 131 33 81 132 125 106 133 133 52 122 3 133 133 126 8 133 133 28 133 133 75 133 133 133 133 120 133 133 111 133 133 133 33 133 133 133 133 133 133 133 33 133 133 133 133 133 133 133 16 57 105 133 133 133 133 5 133 133 56 133 92 127 133 133 133 20 133 133 133 133 97 133 133 10 87 130 78 133 133 133 89 30 115 79 65 
1 65 96 7 51 47 22 34 66 85 84 130 110 31 105 95 115 89 117 91 63 43 116 33 107 48 100 88 32 131 106 76 132 64 54 28 13 16 112 118 77 21 121 37 18 59 120 101 109 4 127 23 133 39 133 73 133 133 90 35 80 6 79 133 15 133 133 20 111 82 133 133 125 133 67 133 133 133 133 133 26 133 133 133 6 133 59 133 133 133 108 133 133 133 133 133 133 133 19 133 133 133 133 133 133 133 62 35 133 5 133 133 133 133 133 133 12 42 133 12 0 133 133 89 133 92 30 133 77 37 133 29 8 57 123 60 133 58 99 40 27 102 41 
121 34 100 85 101 47 51 116 19 29 49 68 107 41 60 89 55 6 108 72 13 26 55 83 126 9 125 63 106 65 124 95 132 69 97 122 91 34 84 57 45 39 17 35 108 102 46 123 76 18 59 119 61 71 99 53 96 12 55 66 130 50 33 78 87 77 23 42 30 133 133 51 133 21 133 133 133 133 93 133 133 133 133 133 133 40 133 129 133 4 133 133 133 133 133 133 133 20 133 133 133 133 133 133 92 133 22 133 76 133 133 133 133 133 133 32 133 86 32 133 133 133 25 133 133 133 133 115 38 133 114 73 79 133 133 11 133 16 75 111 102 112 
101 110 7 92 57 20 49 95 91 5 106 114 39 119 93 29 52 34 69 63 90 115 17 103 3 9 122 6 97 131 48 102 88 81 44 71 130 87 55 125 132 64 61 35 14 126 66 78 82 76 59 62 29 111 118 123 133 66 73 133 113 23 133 133 133 44 8 133 133 133 57 133 133 133 133 133 133 62 133 133 133 133 133 133 28 72 133 133 25 133 133 2 133 50 133 133 21 133 133 133 47 133 133 133 133 33 120 133 133 133 133 133 133 133 99 133 133 11 133 133 133 80 133 133 133 74 57 84 63 70 44 127 133 133 77 112 49 133 0 27 12 
91 129 16 46 130 5 78 83 114 60 28 49 17 14 72 15 132 131 65 93 128 67 51 111 23 33 117 47 1 127 4 74 109 61 48 70 2 130 87 100 110 41 71 58 44 59 125 81 45 22 69 66 24 98 121 116 70 133 70 35 133 56 133 133 88 130 89 133 41 97 26 132 53 31 89 36 102 127 133 83 133 39 40 20 82 55 133 42 53 133 133 37 68 133 133 112 133 133 133 133 133 133 133 133 27 133 94 133 133 133 133 133 133 11 133 133 63 133 133 133 42 133 133 25 133 3 107 133 39 97 13 133 133 102 133 32 38 109 71 8 
16 32 108 112 31 6 41 62 129 67 82 48 122 2 1 95 37 84 33 51 106 11 86 54 66 8 113 47 45 92 68 90 52 116 36 58 80 38 14 71 126 78 118 5 85 81 117 40 87 113 104 133 102 133 133 127 93 133 133 133 83 43 25 57 22 133 133 76 25 133 73 133 133 133 133 133 133 133 133 133 133 133 100 133 133 133 128 133 133 30 121 133 133 12 34 133 133 133 15 133 133 133 133 128 133 88 133 133 24 133 133 133 125 133 60 89 133 133 133 28 133 132 133 59 90 59 120 68 64 124 133 103 133 133 37 77 27 3 133 
126 53 128 72 76 124 37 29 43 127 38 94 67 105 54 110 3 9 27 5 113 34 18 23 22 83 66 131 17 1 102 12 26 22 30 13 123 120 86 33 11 56 74 52 89 55 106 15 4 78 90 64 14 73 35 133 20 54 46 111 99 120 81 97 133 50 133 3 108 81 133 117 133 133 133 107 133 133 133 133 133 88 133 133 133 125 133 133 133 133 133 133 133 70 133 133 14 133 133 133 133 133 32 133 133 133 133 133 133 133 133 115 133 133 59 133 133 133 87 133 133 133 10 100 133 133 133 125 81 133 133 109 118 133 44 112 90 48 
52 35 94 113 117 34 131 39 10 45 24 0 66 111 129 85 72 111 68 28 74 7 23 114 89 26 6 120 17 64 116 2 100 25 109 83 67 14 70 111 122 62 86 98 38 41 124 78 56 77 65 3 95 63 71 126 36 103 53 9 99 3 13 81 21 124 64 90 96 5 133 117 19 133 133 132 33 22 100 127 0 32 106 133 80 133 133 133 133 133 108 133 70 133 69 133 133 133 133 119 104 12 133 22 133 133 133 133 133 133 80 133 133 64 133 133 133 119 133 133 133 133 40 8 59 133 78 51 133 133 133 133 75 30 42 13 132 
13 110 13 82 91 40 5 129 96 48 43 114 68 99 118 45 100 124 69 71 105 115 109 17 117 65 98 72 4 19 10 73 85 56 58 104 76 120 23 116 83 39 24 9 79 36 126 107 41 50 61 89 84 92 80 123 4 133 35 133 70 4 78 87 133 127 102 102 133 133 133 49 90 133 133 133 133 133 133 13 133 133 133 128 133 133 133 133 51 133 133 20 133 133 133 133 133 133 133 133 59 133 133 133 133 133 133 27 6 57 133 133 20 133 133 133 122 81 133 0 133 55 46 133 25 97 11 95 133 125 133 82 33 100 109 31 
109 87 100 70 64 0 25 73 77 124 20 119 12 66 111 52 23 115 127 33 92 33 127 21 77 20 63 45 25 125 68 56 11 33 36 125 125 83 100 111 80 102 3 56 89 20 80 88 88 81 23 114 124 3 0 59 36 119 27 16 107 28 125 81 110 22 13 40 59 119 87 122 32 57 36 66 23 77 96 28 28 122 15 100 36 109 3 108 88 56 95 4 79 130 19 87 71 0 34 71 63 80 87 25 87 79 19 57 38 78 87 113 34 115 128 117 89 71 99 64 121 108 27 42 69 1 33 56 66 97 80 0 31 94 44 
84 50 61 28 112 131 130 91 53 39 7 98 114 120 33 41 87 30 97 72 111 107 123 26 69 101 63 80 42 127 29 130 88 48 81 100 27 54 36 46 52 51 14 104 70 13 78 82 73 133 25 133 64 133 133 133 133 117 92 44 90 99 133 11 133 35 133 133 133 67 133 10 133 133 133 129 133 130 133 133 133 4 2 133 133 133 133 133 133 22 133 133 133 133 133 133 133 133 64 133 47 133 133 133 133 133 133 122 133 133 122 133 133 83 12 133 133 133 133 111 105 133 133 130 59 126 133 133 133 68 133 71 77 20 
59 108 63 104 47 107 61 58 109 15 120 110 68 77 101 24 16 49 70 74 124 86 130 82 44 57 123 7 80 92 78 75 38 60 105 122 21 125 54 69 32 46 100 36 31 112 39 64 10 100 3 117 128 2 124 22 17 19 90 109 67 47 23 14 15 133 37 129 90 99 103 66 133 133 133 133 8 133 133 133 19 133 133 133 133 133 133 133 12 133 133 133 133 133 133 133 133 56 133 133 133 133 133 133 133 133 80 133 133 111 133 133 133 115 133 133 133 133 130 133 133 133 20 57 0 133 133 133 121 121 111 102 133 
92 48 70 85 122 45 113 89 10 17 61 64 130 103 62 5 36 125 115 80 53 105 39 131 128 72 96 0 6 20 43 102 109 1 56 98 54 95 49 26 12 19 120 14 40 63 94 74 27 133 75 38 107 110 65 68 42 73 111 101 92 99 71 31 133 133 133 133 133 133 133 133 133 133 86 13 133 133 133 35 132 133 133 133 133 57 133 27 30 133 133 133 133 133 133 133 42 133 133 133 133 133 67 133 133 35 133 133 78 133 133 106 87 133 133 133 133 122 76 42 133 128 44 133 133 133 133 33 6 115 108 133 
128 80 113 16 111 95 119 1 46 131 36 63 96 122 4 132 84 45 28 9 7 103 58 51 60 75 64 67 55 48 19 123 71 13 52 30 38 107 42 54 14 8 68 76 74 109 44 100 86 10 43 121 67 82 56 19 124 77 11 125 111 20 102 87 116 9 28 53 133 112 80 133 101 83 73 133 133 133 100 133 133 133 133 133 83 133 99 133 133 133 133 133 133 133 133 12 133 133 133 133 133 133 133 133 100 43 133 90 133 133 93 3 133 133 133 133 13 133 78 133 66 97 121 133 133 133 40 133 108 115 118 
91 120 10 118 92 85 100 116 1 30 51 62 67 36 61 64 93 24 83 52 34 75 77 66 132 89 96 77 104 45 114 0 99 121 35 33 105 49 109 88 15 112 5 19 38 115 89 12 13 76 7 103 27 58 55 111 98 127 3 77 124 55 25 60 117 102 133 10 133 49 11 36 4 32 50 59 39 8 19 133 100 84 82 110 133 119 73 53 133 133 133 133 133 133 8 133 133 133 54 133 133 133 133 87 133 133 100 133 133 133 97 133 133 133 12 80 133 133 133 55 79 133 133 133 70 18 133 12 42 133 
24 78 85 36 18 47 106 27 48 12 9 45 11 72 55 75 68 102 66 118 77 73 64 124 100 74 73 14 88 95 63 89 113 120 131 16 96 84 61 101 44 130 29 6 103 73 28 35 12 87 93 94 42 97 56 92 119 86 20 55 71 133 6 16 133 15 58 133 133 133 133 133 3 133 133 133 80 133 7 133 133 32 133 65 12 133 133 133 133 133 133 108 133 22 15 133 133 133 133 133 133 133 99 76 133 34 133 133 133 22 133 133 133 133 128 133 133 133 78 21 38 133 133 98 0 133 51 23 133 
98 9 121 21 72 126 93 130 119 117 1 123 116 33 44 69 37 19 125 7 27 54 58 56 132 40 68 51 102 15 79 61 20 17 30 83 107 115 106 45 108 77 14 27 112 48 62 22 104 12 92 80 88 122 50 81 125 112 111 133 86 71 122 89 94 82 65 87 133 133 49 0 22 133 133 12 101 27 46 133 117 34 133 56 133 133 65 133 13 133 133 133 124 133 133 133 26 133 133 133 133 100 133 133 44 133 133 133 77 133 133 133 53 63 133 133 133 21 99 133 133 133 133 133 101 90 32 133 
97 62 104 85 74 26 29 88 86 53 41 81 90 125 126 75 8 83 79 78 27 28 24 39 111 51 72 55 110 22 1 129 116 56 65 61 63 18 94 93 91 117 5 57 109 67 99 30 100 15 81 73 59 19 82 108 90 133 38 121 133 123 133 133 133 103 35 133 133 133 87 133 133 133 23 133 31 133 133 133 133 133 32 133 133 133 133 133 133 133 59 89 133 133 133 133 133 133 133 133 3 133 133 44 133 133 133 42 133 133 24 133 124 133 133 133 115 81 133 133 133 133 133 133 112 12 133 
106 42 116 75 12 123 66 95 47 90 64 23 72 53 7 38 76 67 35 15 105 79 59 80 5 110 18 82 125 34 51 50 54 41 69 49 129 117 35 8 62 39 84 32 64 46 100 124 83 23 81 108 57 3 27 122 129 92 106 121 60 31 133 133 96 20 133 133 98 35 133 133 11 125 133 133 133 133 133 133 133 73 6 133 133 133 133 133 133 133 35 133 133 22 133 133 70 133 133 109 133 133 112 133 133 133 127 133 4 133 133 71 133 133 20 12 44 99 133 133 133 133 133 25 19 133 
50 52 118 125 61 102 80 120 12 82 111 79 127 49 123 54 14 12 7 45 23 98 4 105 107 41 46 79 104 64 65 75 71 28 97 9 96 109 101 48 84 35 128 30 18 22 34 68 115 66 51 76 117 20 55 133 56 42 114 133 133 87 133 133 15 133 133 60 13 133 133 133 4 133 133 133 133 133 133 133 23 133 133 133 133 133 133 133 133 19 85 133 133 126 86 133 133 133 33 133 133 12 133 133 133 81 133 133 93 133 122 133 133 133 25 122 133 133 133 66 131 133 21 40 133 
45 48 98 126 42 76 116 129 106 11 96 23 74 46 61 83 122 121 12 90 130 56 64 94 53 8 3 28 69 118 101 37 60 55 108 58 103 44 124 30 77 40 128 25 24 67 120 57 73 80 133 127 2 66 133 21 60 79 38 4 133 17 131 41 95 87 29 109 86 62 102 20 133 95 39 114 86 99 87 71 133 133 19 133 133 133 133 133 33 133 133 133 133 123 133 133 133 59 133 133 78 72 133 133 20 29 133 133 133 115 133 133 133 19 63 133 133 133 133 47 133 87 0 133 
107 46 94 90 88 86 106 6 122 16 131 93 115 117 126 115 58 53 12 26 28 118 61 127 123 77 49 96 60 97 39 5 78 99 83 9 84 102 35 4 65 42 110 3 37 81 41 8 109 20 48 22 36 133 133 133 17 112 2 55 30 133 104 133 133 121 25 133 133 133 80 133 133 133 31 133 133 133 19 133 133 133 66 133 62 133 133 73 133 133 133 133 133 133 133 133 124 133 133 80 133 133 133 21 133 133 133 32 79 133 133 133 33 59 133 133 133 133 51 133 13 70 133 
49 81 57 10 95 113 94 42 112 132 50 2 28 53 34 45 115 36 5 122 54 15 62 6 20 18 39 78 82 61 86 60 103 90 96 104 29 24 128 30 88 92 80 97 7 93 19 109 55 100 85 33 44 111 102 43 8 73 64 21 79 71 59 39 55 66 2 11 87 27 75 104 114 39 51 84 42 124 110 62 133 133 0 61 133 133 23 133 133 133 133 133 133 133 133 112 133 133 66 133 133 133 3 133 133 133 133 73 133 133 133 36 84 133 133 133 133 133 133 32 108 133 
83 13 109 60 32 20 22 62 91 39 37 72 50 73 106 64 44 10 99 116 30 69 14 87 71 31 42 48 130 16 41 51 24 18 92 23 29 90 97 68 56 99 8 121 75 66 81 128 96 89 130 51 133 111 0 11 28 59 52 105 127 76 112 7 115 133 80 133 35 133 133 133 95 15 133 133 20 133 133 133 133 133 107 133 133 25 133 133 133 133 133 133 133 133 20 133 4 119 112 90 133 57 133 133 94 133 124 133 53 104 81 122 133 133 38 133 133 133 81 3 133 
3 6 82 105 67 21 104 122 106 101 85 118 97 107 11 102 110 59 73 103 47 38 70 2 91 22 14 3 87 65 42 17 39 27 63 62 128 75 124 131 89 66 28 125 109 102 127 8 16 12 35 55 79 88 60 76 96 23 33 86 118 19 129 32 127 43 98 63 74 121 20 40 68 17 113 99 133 133 77 133 133 133 133 5 57 133 15 133 133 133 37 133 133 34 133 133 130 133 54 133 3 133 133 133 133 4 133 133 133 115 78 133 133 133 133 133 133 81 111 133 
25 36 87 90 86 70 13 13 119 22 125 118 42 80 124 20 27 59 99 71 102 2 88 84 22 124 84 33 109 63 124 97 35 87 4 113 8 84 21 102 21 56 13 122 94 23 20 44 54 77 4 99 23 99 130 111 88 56 59 80 109 128 101 108 11 102 98 109 21 33 81 20 19 28 74 33 4 4 8 64 66 42 128 15 102 3 111 80 127 125 127 102 93 90 4 10 42 77 22 46 84 12 89 35 18 28 40 66 14 68 125 119 57 11 71 115 91 126 99 
21 110 123 33 102 48 24 14 122 60 20 53 57 71 37 40 61 66 131 31 111 39 81 93 129 19 92 54 112 119 45 72 114 75 35 104 52 82 98 116 8 47 42 77 69 87 115 20 91 27 2 133 37 133 65 22 124 94 34 63 1 27 85 133 133 42 46 3 43 133 133 133 133 128 133 133 133 133 133 133 133 133 20 133 133 133 133 16 78 133 133 13 133 133 55 133 133 133 130 133 118 38 133 56 133 133 133 108 25 133 55 133 133 133 133 99 55 133 
107 10 119 94 110 5 93 123 43 59 75 49 27 61 99 37 90 38 9 70 131 16 32 118 23 2 72 58 39 44 6 41 18 97 78 101 83 13 35 74 26 63 55 104 31 49 33 125 7 120 14 59 81 133 106 133 56 133 114 92 97 29 133 133 108 133 19 133 133 133 15 133 25 130 85 133 133 133 133 133 133 130 133 133 34 133 133 133 133 133 71 133 133 89 79 91 133 119 133 133 133 133 22 133 133 133 97 57 133 117 133 129 133 133 33 128 133 
29 34 50 33 126 117 52 92 19 128 14 66 53 100 89 83 2 114 57 65 104 18 116 15 108 76 132 49 1 131 46 6 11 10 118 42 85 109 88 98 87 12 48 72 121 112 62 47 22 58 69 124 119 7 44 25 55 31 96 66 81 87 68 115 0 48 60 28 39 32 84 35 133 90 95 133 122 133 56 133 112 133 133 133 133 133 133 133 133 23 133 133 19 133 133 133 40 93 133 133 133 119 133 133 133 70 79 133 133 133 133 133 133 66 34 82 
77 19 118 121 92 2 11 44 14 93 78 4 8 120 17 50 62 44 107 53 58 45 43 37 70 31 114 75 100 104 76 128 131 98 15 40 63 47 24 25 73 12 13 100 0 56 66 1 38 48 129 89 65 124 30 117 33 68 40 79 106 22 25 21 86 83 133 5 32 133 42 55 133 133 133 133 133 133 133 28 133 133 133 133 52 133 133 133 112 133 133 59 108 133 133 59 133 133 133 133 119 133 85 133 78 59 133 133 41 133 133 133 20 19 57 
8 44 124 25 119 56 48 102 44 14 108 37 42 21 0 108 106 13 40 125 84 27 80 33 23 36 125 66 84 99 24 79 109 78 130 77 73 36 17 9 77 84 127 5 44 42 33 21 97 128 23 122 111 11 44 42 44 45 97 32 130 43 33 111 27 119 112 73 88 110 109 115 108 112 56 51 78 66 11 8 44 11 3 100 42 73 111 69 112 88 114 73 100 55 116 0 22 70 81 15 99 8 124 53 120 25 99 78 87 13 88 101 123 90 
15 60 41 68 116 111 88 107 122 99 19 53 5 52 76 40 129 90 47 28 123 103 77 81 1 37 132 2 118 78 21 17 119 105 11 58 126 20 44 0 12 120 84 86 100 71 92 10 86 18 80 127 7 46 48 43 40 93 41 131 27 91 113 59 27 81 124 39 42 13 13 67 133 94 24 133 9 36 132 52 133 107 133 133 2 133 44 133 64 63 133 133 133 25 133 110 133 133 32 133 133 133 128 73 133 133 89 133 133 133 33 21 133 
103 61 114 59 3 29 98 71 86 79 26 10 16 81 19 112 85 75 50 99 27 18 92 12 30 129 88 45 33 115 41 70 5 87 72 108 73 35 96 37 78 13 95 36 60 125 121 93 7 39 32 33 128 2 42 59 4 20 120 40 9 27 43 43 49 120 51 23 11 129 7 56 133 80 127 74 124 107 104 133 133 2 133 113 133 102 133 133 34 133 77 133 64 74 133 133 133 59 133 63 133 25 13 133 133 133 133 133 64 109 8 133 
118 116 91 119 98 15 88 94 122 128 82 85 17 111 125 108 41 65 113 36 132 107 48 14 42 78 19 51 114 59 27 115 120 130 98 81 90 62 0 52 90 69 28 110 25 104 44 61 92 10 96 46 109 99 100 63 105 133 16 52 29 39 133 133 58 133 78 101 129 133 38 133 133 133 133 3 73 133 133 30 133 133 133 2 108 133 133 78 133 133 68 22 133 133 133 133 80 133 133 133 34 57 133 133 133 133 133 133 8 34 133 
50 31 27 34 29 11 80 70 106 86 68 47 79 67 24 76 110 85 10 64 116 74 121 9 30 83 88 15 72 16 129 75 49 114 78 79 18 44 4 11 60 69 90 22 82 33 91 0 58 34 63 70 4 21 60 25 123 125 112 59 133 122 133 133 53 13 133 96 133 133 133 133 39 133 100 133 133 40 133 133 133 54 20 32 133 133 102 133 133 133 99 133 133 133 133 56 133 133 133 4 84 133 133 133 120 133 133 79 13 133 
37 59 101 95 100 75 20 74 53 1 30 90 86 45 9 43 93 47 48 80 105 67 40 25 106 51 26 6 104 14 33 71 111 13 35 131 78 130 112 32 99 70 60 7 84 118 3 15 7 79 88 107 87 2 38 31 36 46 91 65 23 133 27 133 97 133 133 133 133 133 133 5 133 20 133 133 133 133 133 133 126 133 55 133 133 44 133 133 133 56 129 133 133 110 19 133 133 133 97 115 133 133 133 133 133 127 11 28 16 
25 6 24 0 117 109 121 113 107 39 51 9 112 82 119 97 98 47 29 3 87 21 26 52 90 33 81 120 41 115 36 103 4 122 66 76 8 84 123 30 85 106 20 104 42 78 5 40 129 93 114 32 52 55 64 12 22 26 67 35 22 133 133 19 133 133 49 133 2 133 133 133 12 133 133 133 133 102 48 133 133 25 133 133 0 133 133 133 34 133 133 133 133 34 133 133 132 11 11 133 133 133 133 133 133 128 127 133 
63 34 86 100 66 23 33 4 11 28 97 25 4 11 66 77 12 11 32 28 40 57 111 85 11 111 28 112 81 97 13 101 96 124 88 71 94 13 108 40 28 19 99 63 111 40 115 35 64 57 121 13 88 27 91 71 97 112 79 51 8 79 18 125 13 99 11 119 79 130 51 14 55 124 34 22 119 79 32 8 95 55 108 110 11 19 63 6 119 34 36 4 92 40 80 44 16 60 84 100 112 100 11 63 58 10 63 
79 22 3 99 17 89 104 84 81 43 49 48 40 5 18 85 96 132 91 83 4 105 22 37 65 9 127 69 31 110 119 63 46 112 114 12 50 33 62 16 1 70 113 57 124 97 36 117 10 42 38 39 78 55 133 39 93 59 51 116 87 8 27 57 41 20 77 0 38 86 56 83 131 133 133 133 133 30 133 21 133 115 4 133 133 133 115 133 22 133 133 109 133 51 133 32 34 133 133 133 133 133 133 23 71 133 
27 82 109 52 54 101 19 76 47 73 74 114 60 118 1 117 62 123 85 37 86 70 110 103 63 18 68 4 102 80 125 25 106 111 20 88 126 39 3 67 23 43 128 35 83 100 33 55 80 22 59 76 87 50 61 77 66 9 110 94 108 44 13 42 133 68 61 133 39 77 97 133 32 133 133 133 133 133 112 8 133 115 133 133 133 77 133 133 133 133 73 133 133 133 36 66 133 120 133 133 133 69 119 4 133 
88 52 80 57 44 108 109 12 79 20 23 11 102 63 88 44 97 66 22 42 118 25 33 124 4 77 40 55 116 95 115 122 87 120 40 124 57 4 127 64 127 25 97 81 87 27 28 85 42 40 32 103 23 8 59 20 79 130 100 75 28 111 5 32 21 64 125 87 82 89 3 64 87 102 64 99 79 123 0 111 2 73 32 4 74 108 70 112 90 51 27 28 77 126 65 35 109 56 12 55 19 5 30 88 
78 24 31 7 103 78 93 106 72 79 122 62 38 27 65 70 107 127 49 81 54 112 51 1 46 129 71 23 12 44 17 42 108 16 101 125 77 91 48 60 47 22 9 83 68 113 36 41 89 50 71 18 28 131 108 8 109 15 100 76 105 133 126 133 133 35 14 0 133 116 133 45 21 133 133 133 19 133 81 66 133 133 121 88 133 133 133 104 20 133 133 133 11 108 69 133 133 133 133 133 73 128 133 
32 77 42 109 62 0 22 40 88 22 100 130 40 81 122 125 32 97 6 112 21 127 109 19 108 0 132 17 77 79 128 107 0 77 44 115 111 127 63 125 20 90 25 66 78 82 124 8 70 53 125 100 13 4 34 3 42 76 109 32 63 8 108 89 78 125 78 108 115 27 88 34 99 25 63 18 124 78 98 57 34 59 9 0 35 13 19 116 51 8 80 45 126 56 22 23 90 11 108 123 131 32 
69 13 79 25 99 80 56 96 31 72 6 77 82 65 124 126 60 25 91 114 86 122 113 1 112 8 130 110 98 93 115 107 63 35 67 2 92 103 49 9 27 131 15 46 70 119 78 108 109 16 44 10 20 0 4 36 56 102 19 99 12 111 129 133 133 11 133 133 133 133 29 18 133 133 33 133 97 99 133 133 133 22 133 133 133 133 77 133 41 133 33 22 133 133 133 133 133 133 90 79 133 
129 119 56 97 68 28 111 74 24 98 84 50 7 106 43 2 87 55 47 101 114 127 44 33 108 57 9 25 49 109 76 123 96 75 58 60 22 63 42 81 32 58 93 13 87 116 95 99 133 18 46 112 70 92 105 125 131 128 133 118 79 109 97 71 23 6 29 133 133 1 133 50 133 64 133 133 124 133 133 133 35 62 133 133 126 56 133 133 133 125 127 16 133 133 133 133 133 80 11 133 
75 89 106 6 45 46 48 67 105 26 10 83 97 120 31 87 36 8 118 9 29 103 61 8 36 15 34 33 73 3 70 49 124 65 112 121 43 84 82 87 80 27 44 116 91 117 44 30 74 100 98 93 129 80 32 79 90 108 56 23 24 38 42 115 58 133 133 78 20 133 133 133 19 133 133 66 96 133 133 11 113 133 133 133 40 93 133 133 89 63 133 133 133 133 133 5 28 119 77 
28 72 132 104 20 107 3 116 67 128 113 52 5 58 27 96 60 2 74 25 98 53 22 20 10 59 48 4 78 65 124 51 94 121 37 129 91 13 16 37 55 81 12 130 42 55 83 133 133 133 133 12 133 69 26 87 66 133 133 133 133 133 36 133 133 133 106 133 133 133 133 34 133 133 32 133 133 133 99 133 133 133 133 23 45 133 133 44 125 133 133 133 69 34 54 90 122 133 
40 8 25 73 63 44 128 25 4 102 111 51 130 103 51 28 112 56 122 13 66 114 60 100 102 11 59 97 35 88 56 63 71 8 109 80 51 64 87 124 1 40 42 44 16 40 51 21 128 56 56 42 86 0 33 100 3 112 44 21 20 129 44 12 33 56 11 99 127 89 14 12 56 39 34 119 19 132 89 66 66 109 24 109 115 3 85 58 97 20 27 19 73 81 18 67 4 
37 7 62 59 123 69 75 126 10 46 80 41 115 31 15 114 83 17 70 132 124 22 94 110 29 124 96 6 50 84 74 111 33 11 26 57 45 92 101 20 103 119 22 115 133 130 42 114 76 17 78 108 1 42 29 81 109 129 133 70 97 53 35 20 133 133 133 133 133 97 133 133 44 30 133 16 90 133 133 105 133 19 133 133 89 102 73 133 133 133 60 133 133 100 87 76 
114 2 121 42 86 110 33 105 18 128 82 28 57 48 61 95 7 3 15 19 11 103 14 58 28 117 116 9 107 89 118 50 102 4 63 93 13 65 40 106 131 133 122 87 52 29 60 43 26 133 66 59 131 133 1 88 128 94 133 109 67 34 133 133 133 133 133 133 128 133 133 35 133 133 133 70 133 133 133 133 97 133 133 133 56 28 133 133 133 133 98 43 8 11 133 
120 68 29 44 10 84 89 26 24 94 3 70 105 69 43 5 30 113 11 0 37 92 83 124 2 51 117 73 87 122 64 31 109 129 19 14 62 90 1 118 6 55 48 128 79 106 132 110 101 127 91 77 96 93 15 72 117 53 81 13 126 67 36 23 133 16 133 66 4 114 27 133 30 133 89 133 14 17 133 28 96 12 133 8 102 133 32 133 133 133 133 34 77 133 
94 58 131 59 5 117 32 39 17 71 35 31 103 86 99 6 70 57 59 1 93 74 36 121 115 41 104 95 15 67 87 61 132 123 88 18 63 91 53 112 12 26 85 19 133 120 133 133 99 133 133 44 133 133 133 133 133 51 113 133 133 133 133 133 7 133 100 10 133 33 133 133 126 90 38 133 47 18 80 133 133 133 13 77 133 9 133 133 133 133 40 128 133 
20 91 17 106 126 7 52 1 128 129 16 53 64 76 56 6 108 99 45 2 101 8 10 86 105 118 44 95 27 29 47 62 92 119 30 79 80 58 67 11 89 132 116 103 54 102 72 4 32 25 109 33 75 57 34 60 66 77 69 133 133 47 133 133 133 56 133 120 88 111 133 4 124 133 133 110 133 56 133 133 133 0 125 133 133 133 133 133 133 0 36 133 
117 121 25 125 38 95 122 3 74 56 96 113 0 26 82 99 64 51 105 39 90 17 75 43 120 66 94 49 115 110 31 21 83 132 22 52 4 119 99 128 103 126 19 127 18 13 28 53 78 104 93 7 31 6 57 97 64 49 120 133 77 126 91 114 100 124 68 42 87 116 133 122 133 33 133 133 89 88 133 133 63 21 101 133 133 133 133 65 0 81 133 
82 26 50 17 111 0 84 62 93 95 10 107 96 20 73 64 121 120 37 70 25 68 118 45 92 83 29 114 43 126 57 9 84 33 7 8 106 11 39 94 75 67 42 24 52 73 123 71 46 58 5 30 74 91 108 101 40 23 125 133 32 124 21 11 133 133 79 133 133 133 51 133 133 133 133 35 133 133 133 20 81 133 133 133 133 133 133 8 81 133 
37 114 3 47 50 109 60 127 113 76 43 118 7 130 35 30 89 45 23 41 85 68 72 5 123 28 74 83 2 48 46 87 81 98 34 79 127 62 97 56 66 93 13 19 115 57 14 38 16 12 90 104 102 122 52 71 73 21 65 76 131 64 11 133 95 20 41 133 133 97 133 133 133 133 23 133 133 133 130 109 133 53 133 49 133 119 77 57 133 
51 76 129 120 125 127 29 100 55 61 110 101 35 28 85 41 116 115 70 64 30 6 22 21 118 40 60 59 18 16 11 88 92 111 75 77 47 38 9 7 43 2 103 122 46 23 73 121 102 130 91 93 88 42 108 15 121 97 53 61 57 100 89 97 90 133 106 54 28 56 20 133 133 44 49 133 133 0 44 133 133 133 133 133 133 28 109 133 
110 115 132 22 69 12 116 58 118 19 120 20 27 26 38 80 11 82 53 128 98 85 32 71 4 49 106 84 72 94 102 54 36 131 100 6 42 47 15 86 0 46 122 61 17 21 104 48 56 57 43 81 2 124 39 66 10 133 133 36 119 59 133 88 133 133 133 23 107 133 133 133 127 133 62 129 11 100 133 133 133 133 133 133 81 102 133 
69 20 99 41 37 109 62 16 123 36 119 22 126 51 24 13 59 1 34 70 113 114 86 14 128 45 10 25 15 34 122 61 103 56 117 71 67 105 57 93 98 3 115 54 90 21 73 116 85 30 79 7 40 49 89 5 81 2 23 122 48 55 66 120 20 133 22 84 38 133 11 4 121 133 133 13 28 133 33 133 133 133 133 112 78 133 
92 66 125 79 3 15 55 116 86 28 64 107 56 131 128 110 91 67 13 34 101 7 16 118 93 132 76 12 20 35 60 97 84 72 10 106 42 56 122 60 40 83 0 83 85 71 45 44 58 75 98 130 133 133 75 133 133 80 13 100 113 112 133 17 74 77 133 133 108 133 71 14 82 133 11 99 133 133 133 133 49 21 89 59 133 
59 101 9 14 121 96 113 65 11 56 79 104 97 21 93 117 15 47 51 109 112 108 129 98 61 116 85 59 71 114 38 57 13 67 32 124 36 46 126 127 81 102 72 48 8 38 7 22 40 26 23 88 133 70 109 133 133 3 133 133 119 133 110 133 78 91 133 133 133 13 133 133 133 0 63 53 133 43 133 133 133 11 97 133 
77 87 11 78 23 19 8 9 116 79 130 77 34 8 87 88 87 102 115 77 20 88 84 81 64 59 29 77 124 77 37 70 20 64 0 19 66 130 132 25 99 55 4 55 80 19 35 48 57 77 23 100 100 73 51 22 52 63 32 91 102 100 51 64 63 88 55 0 31 40 0 127 65 2 111 55 84 56 59 27 45 68 111 
94 111 19 84 46 76 27 64 28 5 105 64 38 107 45 130 68 14 102 59 50 6 108 95 123 79 39 27 1 22 49 61 42 24 53 82 58 102 43 83 47 44 116 16 85 126 44 132 17 12 120 113 4 103 117 130 121 63 22 122 119 99 42 18 0 133 133 44 13 28 133 124 34 133 1 133 100 67 133 23 21 100 
49 61 45 106 38 64 66 2 113 107 36 26 18 83 69 43 116 0 1 64 122 74 5 73 23 32 121 58 97 24 110 14 50 119 123 4 28 55 126 85 25 54 75 11 63 19 96 85 92 77 89 47 56 53 64 115 40 109 20 64 108 22 115 133 46 133 70 86 133 133 78 125 133 133 133 133 133 133 99 77 133 
132 112 23 29 57 81 84 32 28 80 105 45 91 129 72 107 30 60 52 1 62 41 5 128 43 21 54 59 7 102 98 94 121 117 122 66 68 93 89 65 71 10 87 17 78 126 39 75 108 19 55 64 12 32 97 124 128 33 118 88 57 40 13 85 133 34 133 67 47 130 87 133 4 133 133 133 31 42 73 133 
54 48 12 90 51 117 60 50 20 53 37 69 128 101 47 39 38 21 68 66 71 44 90 118 72 125 88 31 131 25 126 103 11 96 51 8 70 29 75 45 110 17 79 90 111 32 120 49 27 65 81 28 90 6 82 55 77 92 133 128 26 93 133 52 130 119 133 84 59 12 116 133 97 94 133 133 25 130 133 
18 91 90 81 74 129 31 80 49 94 65 10 126 30 2 13 95 26 58 86 51 119 104 71 101 64 121 1 48 82 47 9 50 22 62 132 123 60 24 38 41 105 59 79 57 85 52 72 108 44 14 28 88 102 12 56 89 130 3 32 119 83 133 127 125 133 133 12 81 51 6 133 117 133 133 80 40 133 
63 125 66 39 85 17 79 51 112 93 54 86 34 41 95 37 102 24 131 75 124 69 14 91 42 105 100 128 80 61 132 67 0 60 45 59 111 62 53 55 10 108 114 29 76 127 84 133 78 133 89 104 26 25 133 117 52 115 93 84 133 133 32 114 108 133 20 115 11 133 133 133 133 133 109 21 133 
40 87 72 95 118 23 31 105 46 2 78 50 81 69 54 116 5 43 97 21 60 18 44 25 10 106 16 130 131 48 22 59 14 49 121 127 85 1 89 3 127 39 30 96 122 28 107 19 128 36 45 73 78 32 83 100 11 133 133 133 133 90 62 133 133 35 79 133 133 92 133 133 37 99 12 133 
104 109 22 25 41 57 23 56 80 73 36 79 125 13 64 4 90 78 39 111 21 64 36 11 55 77 127 40 8 28 106 78 77 56 73 55 66 20 89 74 55 115 108 89 59 125 80 0 103 130 0 61 88 73 25 14 28 32 125 21 1 40 99 90 89 83 20 127 64 8 4 130 15 72 81 
100 66 66 49 109 0 27 19 25 42 127 32 119 42 12 99 63 129 20 25 0 62 59 64 40 20 84 59 90 7 112 84 79 70 124 88 127 19 41 89 102 25 81 124 127 71 51 86 70 64 117 4 99 35 31 11 59 25 99 16 90 8 119 54 47 44 73 56 100 28 122 50 48 23 
63 59 4 54 119 88 7 49 16 31 93 3 101 105 108 6 84 65 32 71 11 114 60 113 123 75 41 83 87 80 43 70 67 95 13 29 129 71 5 24 14 112 53 36 40 91 119 120 106 21 52 68 86 63 132 17 73 61 109 118 133 4 56 33 58 38 22 35 8 34 115 64 133 
9 23 15 4 109 18 71 29 74 27 68 121 52 128 83 108 53 7 69 64 45 43 26 73 62 114 131 70 108 1 111 107 86 118 61 36 55 16 6 30 47 54 39 124 94 32 49 75 22 116 42 24 111 65 133 123 133 102 133 33 133 22 64 133 133 133 133 133 133 63 19 103 
70 129 110 61 32 12 68 47 53 51 38 113 54 69 36 94 0 41 109 73 122 6 55 95 5 1 87 7 26 84 103 92 15 81 75 12 46 60 57 102 64 10 62 65 99 112 67 119 106 93 82 34 72 104 132 123 124 87 47 19 13 88 14 96 91 133 21 133 71 40 133 
119 22 78 108 128 59 84 42 21 21 122 64 111 2 59 71 21 121 32 100 36 84 128 130 124 85 20 40 88 77 128 4 8 21 91 57 125 130 11 124 80 84 19 82 36 99 103 124 78 81 61 3 89 102 32 69 25 70 32 113 93 4 20 100 71 36 99 10 31 25 
39 101 126 55 98 52 68 94 113 40 24 21 112 57 65 48 57 63 92 72 30 116 85 29 78 18 131 1 45 83 23 80 106 99 61 127 6 103 132 114 42 58 89 33 74 84 12 46 43 4 102 28 86 79 57 79 104 128 19 23 34 64 133 133 115 67 100 66 27 
38 62 26 10 54 120 31 8 43 121 130 20 74 113 89 40 61 127 114 14 24 131 9 90 129 103 81 52 104 41 132 38 59 98 128 83 48 82 118 11 5 25 19 109 84 29 133 30 97 79 42 60 133 88 32 76 101 122 78 46 133 133 42 58 133 108 20 95 
123 31 6 107 89 8 48 53 113 0 119 51 77 94 64 52 114 12 16 18 104 3 108 58 75 13 129 17 63 47 74 36 11 7 24 59 37 82 26 103 35 106 36 109 132 14 10 89 131 76 115 130 21 81 84 97 32 51 23 72 4 133 133 133 66 21 133 
9 52 20 64 82 34 35 87 76 64 113 68 28 40 48 24 111 53 74 30 119 59 96 37 15 63 29 94 1 41 78 86 95 46 33 131 110 83 27 12 93 61 56 65 39 42 73 97 26 127 112 22 132 105 55 23 81 49 133 44 109 102 133 36 102 101 
25 15 58 93 16 14 53 61 81 6 110 109 21 29 118 3 32 45 116 59 100 75 30 24 130 35 50 33 4 55 62 0 77 23 80 132 47 76 28 133 114 89 98 104 84 127 105 90 17 124 108 112 106 133 84 122 88 46 39 36 79 133 97 40 81 
117 45 11 130 91 97 38 3 62 69 46 55 43 5 105 131 58 3 54 127 120 82 17 57 115 27 126 85 59 74 37 132 61 8 13 53 110 71 20 51 13 1 113 72 66 9 80 12 108 33 63 105 78 40 35 73 77 35 22 61 22 59 56 91 
5 116 32 124 36 120 100 88 12 10 35 95 83 85 104 46 45 109 23 16 40 48 92 72 128 24 101 84 68 13 11 132 14 9 114 26 124 129 58 8 123 1 73 56 125 126 3 98 57 80 69 108 130 130 76 34 105 110 44 131 25 51 21 
46 24 9 82 91 19 105 67 72 112 96 15 117 61 85 62 104 66 86 51 71 131 94 113 101 97 36 41 54 98 76 118 121 123 119 88 127 37 111 129 124 56 88 116 48 18 44 109 73 55 133 100 13 133 132 133 133 126 133 36 8 2 
41 126 67 17 89 25 30 29 56 123 12 24 101 6 36 74 73 106 62 69 117 28 98 16 70 119 92 87 113 18 23 75 86 71 122 1 104 78 14 107 48 19 115 102 120 80 19 2 77 88 89 59 90 133 114 114 61 133 100 63 133 
69 73 105 23 47 50 115 128 14 49 120 65 44 103 95 4 85 18 114 53 91 60 76 72 100 66 123 39 3 46 89 58 112 64 52 5 12 119 109 20 99 111 79 28 88 80 29 92 107 102 11 37 43 55 99 33 8 42 125 98 
60 39 20 89 96 110 25 98 54 82 85 26 51 107 115 114 47 102 101 49 29 109 65 87 106 75 112 68 71 104 6 50 88 38 42 56 28 118 70 23 7 2 37 8 27 17 73 130 77 130 31 3 119 133 133 103 27 64 30 
106 124 10 37 105 22 51 96 122 49 130 35 132 64 45 31 78 84 103 120 123 56 3 81 98 79 115 38 44 118 75 55 17 8 100 20 126 40 51 47 59 7 50 11 0 21 94 77 3 127 125 111 104 48 29 33 89 65 
3 112 24 74 64 8 14 37 116 118 47 35 119 95 41 119 125 18 49 72 54 124 31 89 45 34 33 50 22 104 100 117 126 81 109 79 58 0 88 29 53 16 80 114 56 67 21 111 71 82 26 9 70 66 102 77 133 
109 55 56 92 42 11 99 77 28 44 102 31 55 59 78 97 59 111 27 34 46 55 8 27 19 59 12 71 100 37 71 70 66 55 44 35 118 70 34 111 77 74 34 127 111 105 38 20 23 70 55 63 11 93 95 100 
2 16 32 93 45 18 5 31 73 125 128 121 8 130 76 101 68 114 23 33 24 106 17 96 110 111 61 109 34 84 30 127 49 120 132 90 83 9 56 95 57 11 16 0 8 115 129 67 75 123 14 100 122 42 131 
47 19 82 16 5 41 104 76 92 8 1 9 83 98 125 74 48 95 51 6 94 103 123 66 85 122 3 111 73 17 97 99 81 44 0 120 63 117 26 57 75 118 23 12 108 28 15 93 10 52 56 125 70 112 
23 126 26 88 9 96 37 85 80 52 65 53 61 31 25 45 114 59 14 49 60 104 93 57 132 121 70 82 129 100 2 7 123 77 92 18 27 70 28 66 15 30 3 20 17 118 12 107 62 24 130 81 127 
57 88 55 88 125 42 66 35 56 13 19 108 27 111 102 90 107 119 70 27 42 12 21 21 66 132 25 35 59 21 56 51 123 71 21 81 69 72 22 11 20 29 76 3 32 55 79 11 32 14 9 125 
41 129 64 66 38 5 127 65 108 76 68 110 103 36 120 25 28 70 37 81 60 122 79 17 3 58 77 119 115 75 92 97 20 131 84 90 51 69 116 113 21 27 118 80 86 67 102 1 130 81 3 
95 48 13 17 8 21 72 98 105 62 76 115 40 50 119 103 46 53 117 120 123 9 116 99 75 39 89 82 112 109 35 25 23 22 58 63 6 79 93 70 77 57 87 0 68 124 78 56 11 80 
74 64 39 41 71 69 58 103 94 96 35 62 7 51 17 68 119 31 61 101 107 52 27 92 83 128 76 97 91 4 118 115 104 45 12 53 90 80 112 23 73 0 124 127 1 84 33 81 130 
52 129 17 102 110 72 92 99 40 96 18 113 20 43 132 2 83 68 86 125 115 11 60 118 100 91 114 36 3 54 27 26 69 4 71 107 10 108 13 62 29 57 46 25 93 99 12 120 
97 38 23 113 29 65 73 105 91 77 76 71 1 72 16 63 92 126 110 30 124 102 107 12 117 67 7 111 123 14 80 106 125 41 112 25 55 87 120 88 132 4 27 109 81 78 110 
6 70 100 16 23 105 68 7 31 29 25 115 120 61 69 74 127 10 18 25 72 49 40 86 52 96 115 33 53 95 55 64 67 91 75 23 84 107 89 59 1 54 126 79 63 43 
81 117 116 43 18 106 37 49 68 21 30 2 82 62 129 34 112 97 33 32 127 115 114 47 120 119 124 31 75 121 70 110 64 14 99 28 108 63 7 20 0 76 115 35 118 
22 81 3 77 66 19 21 33 9 19 55 89 70 124 56 109 0 116 125 11 57 81 51 64 44 78 25 0 20 103 33 100 11 39 37 102 122 66 19 100 0 16 6 19 
50 94 70 34 31 98 38 122 104 119 10 17 67 116 24 39 40 74 54 66 87 37 118 57 41 124 126 2 4 49 111 105 22 4 82 93 107 27 63 0 23 22 92 
120 24 67 33 68 109 77 95 86 104 118 114 97 46 34 21 81 80 77 127 5 113 64 44 52 76 89 119 92 20 2 87 64 12 36 61 57 122 39 125 112 117 
5 30 20 100 52 36 128 62 86 113 85 91 37 129 80 132 34 36 9 122 115 35 61 82 97 93 20 39 68 110 27 35 2 126 117 131 125 124 64 40 116 
46 14 50 2 79 54 96 74 9 43 29 106 55 27 91 7 124 10 132 69 63 21 120 89 3 22 115 30 116 81 78 100 26 82 51 31 6 23 35 37 
26 10 60 56 47 41 107 128 69 74 50 118 56 126 131 109 84 65 61 19 36 113 114 20 44 16 58 38 34 99 9 57 123 43 132 42 80 73 3 
69 87 11 123 122 5 92 83 72 52 44 55 101 85 12 39 77 131 23 2 24 6 54 124 70 117 102 28 124 84 104 9 73 112 97 24 32 86 
115 23 25 84 116 82 13 106 93 86 11 15 44 127 129 30 26 79 52 103 131 60 124 96 43 53 20 70 67 12 28 54 65 110 100 59 51 
73 48 82 55 25 112 69 31 123 66 37 130 99 24 6 15 8 94 47 116 111 80 117 18 40 23 100 46 44 131 91 42 13 100 27 49 
27 111 34 99 35 28 73 11 17 87 59 131 11 102 97 120 34 33 99 115 65 128 35 111 68 16 130 119 19 5 3 108 47 69 87 
10 94 29 57 60 45 82 128 18 76 22 38 23 117 87 75 51 49 116 33 108 121 72 112 125 70 83 37 0 88 3 84 122 59 
129 16 79 14 109 43 90 105 31 102 92 33 67 112 19 114 103 131 42 48 74 21 99 64 83 121 45 50 26 18 44 122 53 
110 108 38 117 54 70 71 69 125 126 123 65 99 101 62 63 68 124 43 72 131 36 102 81 41 78 47 106 52 111 59 91 
44 2 72 67 11 98 1 13 46 58 75 71 14 101 32 90 8 60 119 86 42 12 6 10 15 37 22 73 34 33 39 
58 121 122 12 35 117 35 88 105 103 35 49 6 9 17 108 22 101 115 73 90 50 45 116 3 47 107 4 73 84 
20 15 124 103 41 56 93 49 1 87 17 96 124 119 112 12 7 43 78 100 25 131 83 31 92 98 99 59 54 
105 23 39 23 56 74 101 87 66 82 108 92 102 13 116 57 98 63 77 55 69 49 95 75 36 21 19 18 
20 9 101 8 60 31 29 90 96 95 48 84 59 56 131 74 44 11 24 16 35 7 107 68 0 40 93 
63 12 106 23 84 19 83 19 99 128 87 104 128 88 44 58 6 130 128 78 102 0 99 121 98 73 
125 128 27 95 34 42 53 30 119 31 71 7 96 118 130 0 13 14 110 86 114 123 66 63 94 
84 43 20 2 119 16 38 50 47 36 3 45 15 84 25 66 18 46 121 35 62 130 90 132 
130 128 125 26 109 89 59 4 76 34 88 36 92 17 77 84 70 99 0 89 71 104 102 
94 18 35 48 58 44 64 40 57 50 63 36 8 5 66 101 85 37 83 70 51 6 
38 130 69 8 108 43 22 24 0 45 51 64 18 129 29 25 82 61 44 4 70 
81 110 5 21 39 35 30 17 76 124 111 122 37 13 6 41 57 32 8 119 
4 109 109 21 2 124 0 13 93 52 20 27 13 59 77 64 65 82 22 
1 58 22 27 103 70 6 100 112 85 86 95 122 121 46 81 73 98 
91 83 40 50 61 60 40 78 77 54 106 64 116 87 124 71 42 
62 4 1 65 96 111 59 52 19 2 106 23 113 122 130 72 
99 113 94 77 36 21 29 107 67 24 91 72 124 3 15 
40 111 36 109 106 100 20 100 40 77 28 26 86 128 
83 101 59 127 61 85 58 18 94 26 79 64 10 
125 28 34 26 123 24 40 2 9 23 80 46 
66 8 48 17 120 83 12 106 77 112 123 
26 59 79 8 115 81 100 74 91 34 
51 27 3 77 57 70 69 121 79 
128 114 63 93 74 102 99 106 
48 28 7 105 40 21 110 
30 55 108 71 79 104 
17 45 55 132 113 
120 64 79 50 
88 25 14 
29 97 
32 

