200 100
85 76 62 72 50 36 46 80 93 33 27 2 45 35 15 88 65 6 56 63 57 9 96 28 44 32 8 21 99 51 17 14 59 23 10 15 99 81 45 21 98 65 62 100 17 89 67 13 71 69 83 75 13 90 43 100 4 98 61 37 61 14 82 100 77 91 55 12 35 100 100 100 36 80 55 100 31 100 100 5 100 61 48 100 53 100 41 100 100 100 100 100 100 100 100 100 1 16 100 100 100 100 31 58 100 28 12 100 100 48 100 100 17 50 100 100 74 37 68 7 100 84 8 100 100 95 100 97 91 100 54 83 8 81 7 100 69 71 84 78 29 100 100 30 100 62 59 45 59 46 64 64 25 31 79 24 59 8 80 0 44 12 26 73 34 52 10 76 19 24 76 60 68 92 53 68 71 2 42 93 22 53 70 25 40 74 39 86 11 20 94 3 22 89 47 53 87 49 38 
68 18 19 4 12 36 90 56 32 73 40 74 52 72 26 93 61 71 99 3 50 45 78 25 7 8 80 100 69 10 77 21 59 100 83 100 71 74 83 0 34 41 58 54 69 100 100 100 77 83 100 100 33 75 100 100 38 10 88 100 84 100 27 94 100 68 82 100 100 100 100 83 49 75 100 95 100 100 100 100 69 100 100 31 100 100 9 63 100 100 100 100 100 100 100 100 52 100 100 100 100 21 46 100 100 31 100 100 46 100 100 73 28 100 100 0 64 59 16 100 8 54 100 24 98 51 100 87 100 39 15 35 96 17 100 46 68 54 8 100 100 100 100 37 43 80 100 12 54 97 24 67 97 100 22 80 1 70 100 100 31 100 7 47 0 75 30 44 29 66 2 41 65 42 58 60 13 86 6 62 43 79 23 47 92 100 81 91 55 76 11 48 55 89 29 5 20 57 
58 64 1 38 71 66 11 9 40 60 45 89 81 73 95 23 57 82 88 93 54 26 15 45 69 18 90 20 12 50 34 79 100 68 12 59 55 62 80 6 41 3 10 73 100 54 65 67 17 78 85 16 54 56 97 100 41 100 100 62 70 100 100 100 61 35 100 24 100 100 69 58 59 100 39 100 100 54 100 41 100 100 48 72 100 100 100 92 100 100 100 45 100 100 100 29 100 100 100 100 8 45 100 100 59 100 100 75 28 51 54 100 100 100 31 47 52 100 100 21 31 100 100 100 100 87 100 100 10 45 8 14 100 100 17 52 74 49 100 53 100 4 100 71 64 19 22 15 20 38 37 100 100 100 100 100 94 62 13 68 43 52 91 0 0 56 7 99 72 25 68 32 30 36 5 46 80 98 62 39 77 31 83 63 16 96 49 86 27 44 82 59 12 23 42 33 2 
68 55 17 30 89 61 74 44 15 70 92 36 0 58 59 43 71 75 22 46 49 22 48 65 75 69 52 29 18 68 0 44 96 35 59 14 34 53 44 78 55 16 3 54 71 62 31 53 17 15 59 72 59 43 59 5 39 36 83 36 17 69 35 27 77 39 48 83 35 9 13 56 12 33 54 21 82 46 79 71 12 7 22 46 43 75 22 45 12 82 16 89 68 73 45 83 45 71 12 25 97 73 8 26 89 46 4 44 10 57 68 68 89 1 10 51 45 83 81 20 0 44 82 49 80 45 36 94 76 39 12 58 21 93 40 66 15 89 8 48 55 46 6 48 62 86 84 55 45 55 68 68 69 45 95 49 95 54 38 36 28 82 47 19 62 71 21 44 41 87 31 69 2 10 15 71 83 23 0 44 52 71 35 83 22 71 82 45 12 24 37 0 36 18 17 39 
13 61 48 30 79 75 29 22 52 0 42 94 37 27 35 78 69 25 33 20 57 54 43 95 13 28 80 98 93 32 14 75 80 16 84 84 53 23 52 24 21 82 87 38 43 50 89 74 65 100 10 48 100 27 39 2 100 100 46 100 100 100 68 18 100 100 100 100 58 49 53 100 84 60 100 100 100 58 100 81 62 100 100 100 100 100 6 100 100 100 100 100 100 73 100 1 85 100 91 43 100 100 62 100 100 48 100 100 39 100 100 99 10 100 10 100 83 44 95 100 100 100 100 100 100 100 84 59 11 34 96 100 71 68 54 9 100 65 100 100 97 21 92 100 0 62 51 1 13 47 100 77 28 66 50 51 34 8 38 15 94 21 17 56 0 88 37 29 75 5 4 54 3 76 100 41 49 58 90 70 45 67 55 38 36 40 96 91 15 18 26 63 7 73 31 
57 15 11 26 25 48 3 71 89 27 20 32 91 38 61 76 34 69 93 97 92 95 39 2 35 36 40 46 70 21 57 51 29 17 44 100 59 59 62 39 61 78 26 100 85 15 88 66 24 83 23 86 14 82 28 100 73 96 100 100 14 18 45 100 100 100 100 39 36 68 100 71 100 100 100 100 74 100 100 41 100 56 99 100 100 100 100 100 100 100 100 100 96 100 100 100 100 75 44 100 100 21 100 100 12 100 100 71 2 33 100 45 100 61 100 100 80 53 100 37 100 81 100 9 100 44 36 15 24 34 100 75 8 44 81 100 100 100 87 22 48 87 100 95 41 7 100 79 100 100 96 90 15 61 54 46 0 84 8 36 80 36 63 79 18 71 86 59 39 43 55 6 65 100 96 52 5 10 16 77 42 67 58 94 49 64 98 39 31 86 60 24 72 19 
46 43 28 86 74 63 55 59 3 27 83 2 42 5 71 98 86 14 79 24 48 52 56 88 73 41 76 85 3 15 16 72 49 22 91 71 55 100 83 0 1 16 70 60 21 99 26 95 58 67 96 99 49 84 61 44 56 84 82 77 39 10 14 100 61 100 95 44 39 100 68 100 76 30 100 49 100 0 89 100 100 100 100 100 100 4 100 100 100 100 25 100 100 100 100 93 80 10 100 100 18 100 100 54 100 100 10 100 100 100 61 100 55 100 100 80 59 100 100 100 100 100 100 64 71 53 34 72 75 100 17 35 54 55 100 100 100 100 100 54 90 37 31 74 28 23 43 45 87 81 3 9 20 70 7 62 78 12 17 59 54 47 1 64 13 97 83 94 85 44 8 33 100 77 82 1 21 32 47 66 100 6 92 11 55 29 18 89 40 19 51 65 50 
35 83 71 46 45 25 38 41 22 8 35 54 44 71 73 84 48 54 49 3 6 21 71 1 10 49 12 36 91 17 0 64 52 45 68 96 52 23 28 12 69 18 73 19 48 35 35 79 49 41 31 76 39 74 46 71 0 39 53 51 16 61 17 61 83 31 86 27 17 7 80 44 68 10 47 43 22 97 17 80 46 80 75 83 46 12 17 17 83 46 55 55 95 54 83 88 70 48 10 32 46 62 92 59 18 26 35 59 52 56 18 13 54 17 72 34 62 69 18 69 46 71 43 58 9 46 21 35 21 87 59 5 54 21 35 54 80 74 11 54 49 60 2 84 35 53 15 52 74 48 61 44 75 68 63 15 81 54 37 24 82 74 74 59 8 85 18 59 94 43 39 53 83 4 69 84 80 52 74 74 36 15 59 21 61 50 40 22 18 39 59 17 
14 65 3 57 18 21 97 23 34 13 99 27 12 1 76 72 5 40 44 69 6 24 21 32 2 29 9 89 64 41 75 44 38 100 18 33 62 12 38 38 66 93 54 91 9 16 35 47 26 63 84 52 95 1 42 87 87 63 54 59 46 30 78 74 31 10 62 92 73 77 7 86 50 36 97 69 15 100 22 100 20 100 48 98 68 100 51 1 100 100 100 100 100 100 48 10 19 100 62 100 100 43 100 100 45 8 100 100 95 100 95 88 100 10 45 100 100 100 100 100 100 100 71 35 20 79 100 100 21 84 62 100 100 100 39 100 86 35 100 100 52 62 58 48 17 56 100 57 28 100 15 62 100 59 82 36 100 46 61 77 37 98 81 30 68 17 27 49 49 100 100 82 0 61 26 98 94 93 4 82 53 85 67 60 45 83 15 25 70 96 47 
99 50 76 22 71 20 47 6 23 37 38 35 49 63 92 24 97 43 95 59 66 82 16 71 65 42 12 72 7 54 82 93 96 52 41 8 8 86 16 73 70 68 30 17 95 80 27 68 81 89 91 60 27 87 40 72 69 54 21 65 10 81 33 35 49 89 15 83 72 34 100 4 36 80 21 75 0 55 100 25 100 100 17 27 14 50 52 67 13 87 88 100 59 39 0 46 100 10 19 100 10 100 100 12 100 100 100 44 100 44 100 100 80 58 100 100 100 100 100 100 100 54 18 99 83 67 100 80 18 54 19 69 51 100 100 100 59 92 100 0 41 75 79 32 61 77 85 14 29 1 19 2 82 100 58 88 69 83 38 29 87 98 57 0 78 29 36 38 62 64 88 80 45 31 74 88 3 1 4 5 34 55 10 80 69 91 90 94 48 9 
92 64 61 62 1 70 5 72 26 24 30 87 37 12 61 16 10 48 13 29 49 14 81 45 3 31 52 4 53 62 58 67 39 20 82 15 8 76 0 78 18 22 100 50 54 19 100 80 73 100 77 100 100 100 100 100 35 53 100 56 100 100 95 53 31 97 44 100 100 100 100 31 100 100 10 27 100 100 100 100 100 100 100 100 100 100 90 94 100 100 100 100 82 62 100 100 75 100 100 55 100 100 59 100 100 100 55 100 53 93 100 76 41 100 34 100 100 100 100 100 68 53 100 100 100 100 68 17 97 29 100 100 100 47 28 73 15 100 75 35 32 53 100 100 100 6 11 84 21 96 89 62 100 10 42 46 15 100 100 100 63 16 49 100 88 15 57 74 43 18 59 98 100 83 38 40 2 51 60 23 69 22 95 31 7 86 21 91 85 
38 8 8 30 78 28 69 70 98 33 63 24 91 86 81 68 31 57 7 36 62 11 6 47 46 89 83 31 95 13 9 43 1 53 55 88 37 84 56 58 5 79 90 17 34 50 94 53 37 32 26 1 35 60 100 21 62 100 5 100 100 58 52 18 39 18 100 100 20 100 44 100 100 21 100 72 100 100 23 100 58 100 100 100 100 55 100 100 100 71 100 41 54 100 100 8 100 100 45 100 90 18 100 100 100 31 4 58 100 100 43 52 100 100 100 100 100 100 80 8 12 100 93 49 100 74 8 39 100 100 100 100 100 100 55 80 100 61 59 18 100 100 66 100 66 16 11 42 58 1 41 64 39 97 49 8 22 51 94 68 14 15 26 65 71 67 21 85 19 15 76 82 39 2 89 46 0 100 60 35 9 80 75 10 87 77 45 25 
41 58 69 50 89 86 79 32 25 99 14 88 92 87 10 8 65 95 12 17 8 43 29 69 77 23 46 59 78 51 45 11 8 61 100 27 22 80 44 34 100 42 71 39 78 5 73 89 18 100 100 100 100 55 58 31 4 100 6 100 73 39 83 1 53 100 100 100 56 71 100 34 15 100 100 100 100 100 100 100 100 100 100 100 100 100 93 16 100 100 80 74 100 100 48 28 100 10 100 100 73 100 100 100 89 100 84 100 100 59 80 100 100 100 100 100 100 100 54 58 100 56 100 100 54 31 36 100 100 100 24 100 100 52 91 100 54 31 99 53 96 100 100 35 15 37 100 13 58 62 97 84 68 83 0 100 78 20 42 70 52 81 92 45 30 9 100 66 80 67 98 94 33 49 85 75 100 81 7 47 54 54 90 72 19 26 35 
51 43 49 71 83 89 21 10 95 71 31 69 18 29 1 17 69 42 69 48 54 41 79 43 21 34 90 45 12 33 84 26 27 49 75 18 46 9 45 20 8 30 55 84 84 28 39 36 44 17 55 89 12 5 52 49 89 75 73 4 56 57 39 67 8 68 71 95 14 83 36 81 74 53 68 59 43 8 82 41 75 18 0 61 53 54 43 8 95 76 75 74 89 19 44 21 66 53 71 65 49 48 68 64 95 96 10 69 6 2 41 80 53 0 15 55 36 78 16 45 43 39 80 77 32 60 31 0 68 84 44 71 92 89 8 50 85 68 18 89 10 41 31 82 89 8 82 21 11 58 37 59 91 72 0 17 21 49 39 88 36 18 97 39 61 82 69 98 18 48 61 58 8 84 75 44 41 8 55 38 24 89 73 10 71 17 
12 17 66 82 75 36 49 45 10 83 55 10 57 14 8 45 93 41 68 15 89 56 74 61 60 50 35 43 11 18 67 63 74 31 68 45 77 73 59 62 91 52 36 68 37 55 55 61 15 45 21 35 99 96 18 0 35 41 33 87 66 8 3 62 44 95 89 2 71 73 88 74 62 43 15 84 36 15 69 22 95 95 49 10 45 82 0 69 97 42 73 21 81 54 41 86 74 68 20 21 35 58 23 73 28 82 18 7 19 58 74 18 35 55 10 31 40 1 44 54 89 49 9 70 78 44 75 48 10 0 18 8 74 73 25 32 41 55 36 83 44 35 0 71 0 31 74 24 49 64 21 65 4 43 89 44 44 54 94 15 73 26 83 36 10 35 29 48 59 52 71 84 68 21 73 21 59 84 27 90 22 71 80 82 48 
34 2 11 65 21 59 78 5 24 38 77 41 74 82 9 12 23 85 47 71 73 56 12 53 21 29 70 58 88 44 74 14 35 8 98 10 37 96 91 36 94 0 26 31 55 100 100 100 100 100 40 48 54 100 64 18 51 53 59 22 66 83 100 100 100 100 61 100 100 75 100 100 63 100 100 100 100 100 100 100 100 100 100 25 100 100 100 61 46 100 100 74 100 80 89 100 100 95 41 100 100 61 100 8 99 100 61 52 100 100 100 100 100 28 100 71 10 100 67 100 100 75 73 22 100 100 100 100 100 100 89 100 50 68 74 79 100 100 4 7 100 100 91 100 76 57 83 100 39 100 59 21 100 100 100 87 100 83 100 6 17 45 100 100 100 62 19 100 93 73 83 49 32 84 33 60 67 21 80 100 86 13 92 59 
38 32 31 1 72 97 83 63 53 71 12 84 19 87 80 4 55 16 93 84 85 77 84 59 33 92 36 99 83 84 58 21 67 68 52 8 45 100 39 65 50 100 61 100 3 100 40 100 79 75 89 71 100 100 100 57 43 44 39 100 48 100 100 100 67 0 100 100 53 100 100 51 100 100 100 100 81 100 100 100 100 100 100 100 100 100 89 75 100 100 52 100 100 43 100 100 48 100 10 100 46 100 0 100 100 59 82 100 100 100 100 100 100 100 54 80 100 100 100 100 83 49 41 100 100 100 100 100 100 36 100 64 22 44 26 100 42 86 100 0 39 56 100 37 98 54 24 0 100 15 69 15 95 46 30 100 74 91 18 17 3 28 7 40 89 9 96 100 60 90 100 35 76 13 14 25 36 44 11 29 6 62 5 
79 60 91 37 92 30 23 29 42 21 48 52 33 80 64 86 25 11 89 94 14 36 0 77 82 22 16 69 55 13 70 45 20 8 96 88 0 54 57 43 87 0 84 100 56 72 100 90 78 44 18 19 49 100 53 45 73 35 83 21 92 79 100 100 39 67 100 8 3 7 100 100 27 25 100 44 100 100 81 100 100 100 66 100 98 45 39 100 100 61 100 100 54 100 100 58 100 100 100 74 1 82 100 100 44 74 100 100 51 100 100 100 100 69 10 100 100 100 100 12 80 17 24 100 100 100 100 100 75 100 100 22 62 100 99 100 100 100 100 100 100 12 100 100 75 100 83 100 15 75 48 18 3 53 63 22 100 83 73 50 100 46 85 59 84 76 41 100 47 100 68 100 74 80 70 62 8 30 40 4 9 97 
90 37 60 16 57 9 30 50 74 75 45 100 39 25 67 99 52 58 41 78 55 89 92 40 58 26 80 84 56 68 19 46 62 49 35 56 8 8 38 16 10 7 47 28 93 87 59 95 43 43 94 100 22 85 82 35 82 47 16 100 100 100 100 54 100 100 12 100 100 100 100 100 100 100 20 100 100 34 100 100 42 100 100 100 45 36 100 100 46 4 100 75 88 100 48 100 100 70 31 100 0 81 100 71 59 100 100 100 100 100 100 100 8 74 100 82 100 100 18 8 10 100 5 100 63 76 100 54 100 100 75 53 73 100 8 100 100 83 12 33 19 18 100 83 100 46 65 17 0 100 3 100 77 29 15 61 31 44 53 14 100 3 35 100 40 66 42 96 64 79 100 29 98 1 83 46 56 24 97 39 49 
53 14 36 16 17 73 85 74 43 58 5 80 11 19 72 95 61 2 39 75 68 27 77 71 13 89 75 98 3 69 51 18 23 23 4 48 64 61 50 74 81 83 15 45 96 28 67 95 55 100 48 9 87 95 21 61 29 12 21 49 100 100 71 40 12 53 10 100 100 7 100 100 100 94 100 100 100 100 100 100 22 100 41 74 44 100 100 84 100 30 89 100 100 43 100 100 100 36 100 43 100 34 62 8 100 86 100 100 100 100 24 84 36 100 57 76 100 18 89 0 100 100 100 100 100 100 43 100 100 41 18 100 100 68 100 100 27 91 63 100 70 18 75 66 80 92 80 75 100 85 100 52 81 43 6 93 70 59 100 33 100 73 32 47 100 46 25 50 88 100 1 53 97 41 49 29 65 91 40 78 
73 72 3 58 12 0 49 45 40 15 8 96 77 90 6 80 30 34 48 8 97 76 31 56 46 31 65 2 70 47 75 85 74 15 45 51 81 77 82 68 36 42 50 19 23 57 41 43 67 88 74 81 17 21 89 29 54 84 51 100 36 46 82 22 18 42 60 100 100 100 86 65 88 30 72 43 9 78 64 45 44 9 8 80 100 70 54 10 92 31 100 100 75 100 100 26 80 50 0 100 44 82 10 100 100 100 100 100 100 100 80 52 66 41 100 100 36 22 55 100 100 100 100 25 100 69 100 100 95 39 87 100 100 100 100 11 80 100 100 14 94 17 100 55 64 35 89 28 16 100 69 2 0 50 51 17 100 16 100 100 71 20 100 11 21 57 70 59 13 7 4 32 41 53 79 49 62 77 33 
65 75 38 56 47 68 59 98 32 58 31 92 24 26 61 44 95 58 35 94 40 82 63 45 39 97 34 7 6 71 66 91 89 49 100 19 4 53 77 93 10 5 2 17 11 22 43 33 69 24 9 61 68 39 20 8 6 100 3 89 45 52 18 55 8 21 13 100 67 86 100 51 100 96 100 100 100 100 100 100 100 54 61 100 100 55 100 100 43 100 79 22 100 100 100 36 100 54 100 100 49 31 100 100 100 36 100 100 100 43 84 100 69 100 100 59 18 59 100 100 100 100 100 46 53 100 99 48 36 100 11 100 100 100 60 100 100 74 57 48 15 86 31 100 62 46 100 28 78 50 90 84 16 100 0 100 100 100 100 8 100 85 100 70 23 81 87 100 80 13 57 83 41 19 43 29 42 27 
68 79 47 64 71 58 85 4 44 21 51 13 28 44 91 54 31 61 6 27 43 70 69 44 22 20 30 27 49 46 81 7 95 29 37 15 48 11 80 57 75 39 53 19 83 53 0 26 54 80 95 89 59 81 74 100 82 13 64 12 41 2 36 100 4 100 69 52 96 100 100 100 100 100 100 100 100 100 100 100 55 48 100 100 44 60 100 74 100 100 95 100 100 100 73 100 58 100 100 68 71 100 100 100 100 100 100 76 31 22 100 87 100 18 71 22 89 100 100 100 0 100 100 18 82 100 17 54 100 100 100 100 100 100 33 8 67 58 100 31 38 17 100 10 43 86 5 100 24 64 71 3 14 84 56 100 23 100 22 100 100 100 32 8 90 89 57 88 62 66 45 48 94 77 40 85 26 
42 20 72 54 53 70 90 53 97 7 85 60 0 87 92 89 74 28 48 36 51 36 35 34 18 11 9 80 70 32 38 61 2 22 55 10 43 94 23 19 100 99 64 41 61 52 59 100 92 43 12 61 78 80 100 100 100 4 89 100 100 41 81 100 100 40 100 100 100 100 100 100 66 100 100 100 100 98 100 59 0 100 100 61 100 100 18 100 100 73 100 100 100 61 100 89 100 100 49 35 100 100 91 100 100 100 100 31 68 50 100 100 100 46 8 82 100 100 27 100 100 100 35 100 100 31 10 100 100 100 100 100 100 17 100 100 56 100 62 100 74 100 44 36 100 86 100 100 77 89 100 67 58 21 100 100 65 39 100 78 100 6 26 79 95 1 32 47 82 41 21 93 88 44 13 29 
32 62 10 53 29 40 68 39 52 9 65 59 70 1 48 18 22 87 39 8 49 12 11 25 6 80 39 25 44 19 36 98 13 25 74 50 95 27 94 62 76 58 10 12 30 7 55 86 48 80 59 99 31 47 100 54 83 75 26 60 35 44 100 90 51 100 10 100 100 100 100 64 100 100 100 100 100 89 82 22 100 100 48 100 100 82 100 100 0 100 100 60 55 100 95 100 100 43 80 100 100 100 100 100 100 100 35 82 100 55 100 3 36 73 89 100 100 100 77 97 96 74 66 100 46 36 86 100 100 100 100 100 100 100 100 91 85 69 100 83 100 54 73 100 76 100 57 88 71 21 100 59 55 100 37 33 45 100 30 67 61 56 100 16 100 54 15 5 41 35 22 81 2 4 63 
11 83 84 51 17 68 26 35 67 63 53 15 9 54 18 88 64 21 50 43 80 52 42 85 59 0 83 27 74 69 21 7 8 71 78 42 99 81 34 98 17 83 35 65 34 19 96 58 18 0 94 59 84 100 4 56 46 39 28 41 100 62 1 2 13 100 100 77 100 100 100 16 100 100 100 100 76 6 35 100 100 31 100 100 89 100 100 83 100 100 100 41 100 46 100 100 39 0 100 100 100 100 100 100 100 62 48 100 18 100 100 69 48 49 100 100 100 100 100 100 84 100 100 18 41 59 78 14 100 100 100 70 100 100 37 72 21 37 0 40 48 8 100 93 100 36 66 17 60 87 89 82 100 100 10 17 91 100 41 23 6 48 11 100 44 95 33 54 0 49 16 3 100 90 
80 69 68 63 43 33 4 27 57 58 29 55 44 10 84 35 73 38 0 12 9 94 99 5 15 70 67 20 61 13 59 86 75 1 100 19 71 60 6 90 41 8 3 91 66 90 55 39 12 48 80 2 89 23 96 61 16 26 52 100 100 95 100 100 100 100 100 100 100 100 100 100 65 100 100 100 36 83 100 100 44 100 100 71 100 100 46 100 100 100 10 100 84 100 100 58 45 100 100 100 100 100 100 100 45 53 100 100 100 100 48 36 0 100 100 100 100 100 78 58 100 100 84 41 34 100 100 100 100 56 100 79 100 100 100 84 100 80 100 53 0 100 100 100 39 74 22 75 100 8 100 88 100 100 55 69 95 100 51 76 25 93 52 21 43 14 31 84 30 82 98 100 37 
92 53 61 22 71 21 39 80 98 45 35 99 60 17 62 95 48 76 32 75 74 89 41 70 82 17 58 50 35 54 15 38 80 49 18 41 95 43 69 66 87 21 8 80 41 85 20 5 0 81 69 69 62 36 7 75 55 27 84 35 62 48 36 49 43 58 36 71 68 52 80 80 62 18 15 23 11 58 21 16 95 17 34 35 52 93 83 62 12 24 22 79 45 61 9 37 75 43 22 41 62 12 53 19 94 74 68 82 95 72 14 58 69 58 22 31 41 61 90 59 52 63 30 82 80 49 55 59 52 21 35 68 62 43 28 54 88 58 96 67 39 0 35 0 73 25 55 15 51 83 43 73 59 40 10 52 18 12 62 44 53 82 48 48 53 13 86 95 74 58 46 74 
12 74 34 53 58 49 49 70 17 17 56 64 0 44 16 44 85 50 80 10 8 59 67 39 69 62 96 45 71 43 90 61 54 18 74 52 8 68 40 3 44 80 18 59 99 23 86 44 29 41 0 69 69 27 89 44 9 45 8 95 43 83 95 39 44 0 31 71 74 18 35 71 68 46 78 65 44 55 93 31 71 57 71 31 63 35 89 68 60 46 4 18 22 30 25 68 12 75 58 80 43 61 37 2 39 49 8 83 13 98 33 22 54 84 49 22 95 66 46 58 72 7 95 18 73 36 58 44 62 41 53 58 22 87 21 80 82 20 42 41 12 44 61 74 81 84 62 88 48 43 46 22 11 0 75 73 18 89 35 44 8 31 43 55 19 5 43 15 31 15 12 
76 22 88 91 9 56 84 48 79 80 12 3 46 82 36 89 22 66 15 50 94 53 44 30 1 61 62 63 28 35 24 23 100 7 43 78 26 83 83 64 100 33 100 54 39 71 100 46 100 95 100 38 52 100 77 52 100 100 42 100 85 100 100 100 100 100 100 100 100 100 100 100 100 22 82 100 100 71 100 93 13 74 100 45 100 100 100 10 100 62 100 100 73 0 100 4 67 100 100 100 100 18 0 100 86 100 100 39 83 83 100 100 100 100 100 60 0 100 47 35 80 100 100 100 100 100 100 97 100 100 17 100 10 34 55 25 69 53 100 70 100 100 52 45 37 100 18 96 100 100 16 75 14 8 49 5 86 20 31 32 87 81 41 12 12 43 13 27 100 11 
21 46 99 11 1 54 84 50 22 53 19 100 55 86 8 83 93 38 57 2 58 100 6 47 17 31 100 60 12 91 27 80 65 56 100 100 84 8 100 100 85 23 0 22 58 100 39 78 100 70 13 12 26 100 10 100 100 100 100 100 89 37 100 100 42 100 100 100 100 100 100 8 41 49 100 100 82 100 100 75 100 100 75 92 34 100 59 100 75 100 100 75 89 100 25 100 100 43 100 100 60 15 100 100 100 100 69 0 83 100 100 100 100 12 100 71 100 100 95 44 100 100 100 100 100 100 100 67 100 85 100 54 100 17 100 68 48 100 14 100 29 18 43 100 100 84 100 100 100 94 41 77 3 96 62 64 100 94 98 30 36 73 15 45 100 97 81 79 22 
68 46 73 62 60 55 95 13 56 17 22 72 46 3 86 74 54 12 44 81 10 35 35 90 36 18 0 33 73 35 75 89 12 46 8 88 14 21 95 31 68 28 97 16 82 79 12 49 8 43 64 18 74 87 69 59 21 62 58 59 21 68 83 48 54 41 62 53 62 35 59 5 67 10 35 9 75 74 27 17 22 6 83 83 84 2 45 63 58 74 40 30 55 31 44 84 10 45 58 23 50 58 39 39 53 32 37 47 31 61 59 44 68 74 7 89 8 94 11 89 18 59 46 31 48 95 89 68 53 10 70 35 98 15 85 96 73 83 89 10 53 99 82 44 25 0 22 10 21 51 82 62 69 49 59 35 45 15 44 53 83 76 19 45 75 43 44 71 
37 86 20 10 1 70 41 18 81 42 35 12 89 84 52 67 48 34 48 58 20 51 75 60 99 27 41 19 14 91 30 32 7 57 45 44 72 13 24 2 95 95 71 22 35 20 85 11 60 22 28 52 39 5 55 74 3 69 28 36 71 22 78 78 53 39 56 65 49 0 35 71 100 50 10 15 100 52 14 63 49 100 59 77 35 100 35 100 100 53 36 100 100 100 100 100 100 100 83 53 100 29 56 100 18 43 80 100 100 100 100 100 100 36 100 100 43 45 100 100 100 100 100 100 100 100 55 9 100 71 27 10 100 54 36 100 82 100 47 22 82 59 100 73 100 38 100 100 95 100 100 100 100 87 30 66 79 93 6 90 10 8 88 99 92 94 52 
95 73 54 20 65 84 84 14 13 48 0 22 21 56 37 30 64 36 50 16 87 21 96 69 24 54 23 97 33 98 30 3 82 83 83 9 40 77 78 15 31 68 78 61 26 60 6 57 82 54 84 61 41 89 100 12 81 1 29 61 5 72 1 100 4 5 74 83 15 82 62 63 35 89 100 28 43 100 100 74 100 100 100 80 97 45 100 100 10 73 79 100 100 100 100 100 100 46 48 100 57 100 100 36 62 45 100 70 100 100 100 100 71 100 100 74 21 100 100 100 100 94 100 100 100 100 64 63 80 100 59 100 36 8 100 100 100 100 43 53 29 100 44 100 100 100 88 46 38 100 100 69 75 24 90 89 25 66 42 62 18 76 32 47 27 68 
78 36 63 84 54 82 76 8 12 93 31 41 28 5 98 52 75 20 1 68 46 37 94 62 69 14 49 7 4 44 96 15 67 80 26 22 57 100 75 74 41 81 39 42 83 3 100 10 100 100 41 89 100 100 100 100 51 100 100 55 100 100 100 100 100 100 100 100 82 95 30 100 53 100 19 41 100 91 75 100 50 100 61 100 17 100 100 74 46 100 100 100 100 100 100 94 36 44 100 100 100 100 21 36 31 100 100 100 100 100 100 48 100 100 8 45 100 100 64 100 100 100 100 100 100 100 100 17 100 53 100 49 41 88 87 100 100 33 8 100 92 21 100 56 77 100 35 34 100 100 100 38 100 18 100 75 46 100 0 21 60 58 71 97 40 
83 92 49 80 61 72 97 8 31 0 58 76 4 16 50 36 77 7 2 55 86 64 96 61 27 51 25 22 85 81 66 36 75 34 29 0 24 43 48 68 30 39 29 21 87 32 0 97 24 44 100 4 82 58 17 100 58 49 33 12 79 98 69 97 98 57 38 17 12 100 100 8 26 100 45 41 88 15 71 94 13 95 42 48 26 79 43 39 78 91 94 100 90 1 30 68 75 41 19 40 58 46 59 8 52 18 61 49 100 23 8 100 100 22 74 100 19 100 100 100 100 100 100 100 16 100 31 100 12 5 75 84 100 100 100 35 67 39 38 100 43 100 99 100 100 59 100 100 20 100 70 100 75 40 32 14 100 18 83 2 91 37 69 34 
83 12 50 11 74 17 23 48 51 25 21 95 8 89 14 83 71 55 92 54 8 8 57 69 45 18 59 31 22 31 77 26 10 75 71 89 88 5 6 17 76 69 17 95 52 97 55 8 99 45 12 49 41 82 62 18 62 45 53 36 39 53 22 44 22 43 28 7 73 8 67 49 31 42 44 61 81 53 69 35 4 53 29 43 58 1 65 46 75 10 17 71 45 39 24 33 89 74 71 0 37 2 87 12 55 61 0 83 49 64 46 31 13 3 15 58 82 10 45 31 35 36 82 89 8 30 15 94 83 72 86 31 18 68 39 55 90 69 69 27 74 44 62 35 19 43 83 89 73 10 61 68 71 44 84 80 40 32 53 48 18 12 53 
47 35 44 8 61 31 60 83 71 3 99 75 88 59 7 24 98 73 4 57 67 36 79 59 86 25 81 33 21 95 17 50 96 32 39 84 46 18 13 71 14 23 42 13 22 58 66 84 79 28 93 90 40 1 86 5 54 100 22 87 38 100 100 100 100 0 75 100 100 0 100 100 74 100 100 52 100 100 19 82 100 35 100 100 35 21 100 100 100 100 100 100 100 15 18 100 23 100 100 69 62 49 100 95 100 34 100 100 82 100 100 12 10 100 100 100 100 100 100 100 100 100 31 97 82 100 35 78 62 52 37 27 11 100 9 83 71 100 22 100 100 100 100 68 100 100 100 100 13 100 3 100 65 18 23 83 35 46 10 76 76 6 
45 53 64 63 45 17 69 35 94 26 96 61 8 97 89 36 31 28 25 18 12 6 40 82 67 86 80 73 43 59 56 93 60 91 69 12 0 37 69 27 24 93 75 15 85 85 59 66 100 48 76 58 87 61 74 100 3 100 5 100 100 100 11 100 54 17 57 100 58 100 100 54 100 100 69 100 100 88 58 100 61 13 100 49 43 100 100 100 100 100 100 100 80 74 100 62 100 100 31 45 95 100 100 43 100 100 98 44 99 100 15 45 100 100 100 100 100 100 32 100 100 3 100 15 100 10 100 17 0 90 100 42 100 40 31 52 100 10 100 100 100 51 69 100 100 100 100 30 100 22 33 19 78 38 36 58 41 53 67 2 20 
26 62 80 76 17 7 24 49 31 61 39 33 55 21 41 16 8 35 31 47 52 58 10 54 61 54 62 2 90 69 12 52 95 96 40 72 31 57 12 31 10 46 63 18 0 79 48 53 52 36 89 55 21 52 31 89 74 82 80 15 35 39 75 9 30 48 44 27 80 31 6 12 82 45 44 0 8 87 59 92 68 55 4 93 68 12 62 58 31 59 10 42 91 59 31 59 89 70 38 23 8 54 52 45 31 55 29 82 46 5 25 41 95 49 84 84 83 54 31 53 84 75 32 8 65 15 28 11 74 82 53 68 95 66 48 0 73 12 35 10 46 67 46 83 22 35 73 15 12 22 10 22 84 68 78 22 73 55 41 75 
73 17 18 71 65 76 71 22 46 73 57 35 84 10 20 80 36 12 99 75 55 55 80 55 45 89 45 88 84 39 36 41 7 37 2 17 10 54 17 48 49 5 73 36 51 89 31 31 84 15 73 53 41 36 58 39 83 44 18 12 61 95 63 93 69 75 77 73 49 67 75 54 79 46 21 59 32 22 40 62 45 91 72 62 46 36 80 21 39 41 97 28 82 69 44 62 98 33 81 18 17 41 15 13 36 9 73 69 4 92 18 43 43 22 89 41 61 49 39 69 15 3 44 27 44 78 13 55 73 52 18 39 96 55 95 87 52 21 69 18 25 18 61 21 89 21 21 54 8 95 73 83 85 6 74 12 0 61 53 
4 83 67 68 69 23 90 51 26 83 39 25 46 52 7 89 57 83 15 96 65 1 99 34 42 71 55 63 36 47 86 35 44 55 83 35 79 12 40 37 48 31 80 69 43 32 100 11 60 100 100 21 56 100 100 100 100 100 100 100 100 82 68 9 100 17 100 100 18 100 59 59 100 100 100 95 100 59 100 70 82 10 100 85 100 100 2 100 100 59 55 100 93 100 100 62 84 73 100 74 100 100 100 100 18 100 100 62 39 100 100 100 5 10 100 100 100 100 66 100 0 52 18 100 74 83 100 100 100 100 34 12 92 100 61 100 100 100 100 69 100 100 87 100 50 100 67 24 29 41 14 92 0 93 49 16 30 33 
15 28 84 95 57 88 56 37 18 15 47 75 61 85 3 93 39 33 65 20 11 89 2 45 8 46 53 99 16 5 35 55 18 100 75 100 14 74 86 15 69 100 95 100 100 100 66 78 100 100 100 1 100 43 100 81 2 100 100 100 75 58 100 100 84 100 100 73 30 100 31 100 100 100 52 100 36 24 26 0 73 100 100 79 100 50 100 100 12 58 100 15 100 60 18 58 21 100 98 100 100 100 100 0 100 100 52 22 100 100 100 32 100 100 100 100 100 100 100 68 100 83 100 54 61 100 100 59 100 49 0 72 100 36 100 100 90 100 49 7 100 19 91 21 100 41 100 100 100 62 52 36 38 38 100 25 94 
15 57 59 41 39 39 53 38 89 82 0 56 74 75 74 26 39 17 52 89 55 58 84 3 99 45 53 82 44 24 4 30 74 88 83 80 15 55 48 8 74 2 75 39 89 71 55 62 39 74 80 74 39 10 12 46 46 52 74 34 14 35 73 70 89 89 29 59 68 5 43 22 18 94 8 77 75 10 87 7 75 18 21 31 45 84 31 28 79 15 53 53 61 50 13 40 46 44 69 46 52 41 37 58 74 42 81 68 89 73 62 53 31 44 62 22 36 21 98 35 85 74 93 65 48 68 41 89 61 27 46 0 63 49 8 8 22 32 35 45 53 22 95 35 61 68 71 17 55 97 51 83 8 80 53 39 
68 48 47 77 40 92 46 94 10 9 58 25 29 90 45 65 34 79 40 97 19 2 5 84 14 21 36 72 61 43 61 32 55 81 78 5 5 22 53 21 48 100 74 98 100 87 10 56 76 42 57 6 100 100 100 100 100 96 48 55 91 33 46 7 100 39 100 100 54 66 27 100 31 80 80 100 100 95 69 100 100 100 100 100 100 100 74 73 100 64 100 100 83 73 75 100 100 100 100 100 100 35 100 100 31 15 100 100 85 100 45 100 100 100 100 36 100 17 100 71 100 61 46 100 100 100 49 85 84 4 100 71 100 100 100 100 41 30 64 37 100 40 100 97 100 6 100 100 82 95 69 9 43 100 23 
79 17 39 48 8 2 71 55 62 29 15 62 59 11 17 68 12 44 8 46 52 94 38 15 54 49 68 87 50 47 36 19 36 48 10 18 66 36 8 98 74 43 54 18 43 71 39 39 10 68 43 10 74 84 39 8 45 20 56 54 65 90 75 21 28 10 75 96 17 84 89 86 21 6 31 41 41 13 31 62 52 74 75 82 89 5 4 31 69 35 52 42 60 99 18 18 54 41 73 12 30 17 10 97 37 95 53 18 39 49 52 80 22 80 49 54 93 10 91 61 33 14 84 39 17 53 54 40 21 17 24 71 59 74 17 64 58 18 48 10 76 73 44 31 18 83 59 9 77 73 44 43 35 17 
53 41 55 41 16 39 21 31 37 48 45 22 1 36 58 83 35 2 8 17 20 72 59 62 39 83 94 7 17 71 47 68 31 43 22 13 18 73 66 22 31 61 59 75 21 43 69 49 58 12 8 71 71 52 36 36 90 85 68 48 87 61 82 11 75 68 60 22 31 95 78 45 33 75 75 67 91 54 68 71 12 89 69 46 38 92 44 43 71 17 19 5 77 62 53 41 12 31 41 2 22 46 9 6 36 59 0 41 49 55 73 44 73 8 63 65 73 40 58 29 30 48 21 59 49 89 51 80 71 96 12 68 55 12 14 75 49 12 53 49 45 74 31 54 18 61 42 64 75 52 54 44 53 
1 72 16 59 40 39 53 55 96 26 64 44 5 92 9 84 46 35 74 46 61 100 10 100 4 35 69 53 7 15 99 100 2 100 83 19 30 83 70 25 100 37 79 33 100 90 100 20 100 100 27 100 100 100 100 69 69 51 60 17 100 100 83 100 100 43 100 100 100 95 100 59 100 96 73 62 100 100 100 45 100 100 100 41 43 100 63 100 100 54 89 82 100 100 77 100 6 50 39 100 100 73 18 100 100 100 100 89 100 100 100 100 48 100 0 100 21 100 54 53 100 100 100 100 91 82 83 100 73 100 100 100 100 31 100 29 85 100 100 100 97 42 100 71 28 61 41 32 100 36 100 24 
60 72 95 81 4 24 58 87 51 16 41 85 30 8 84 91 64 93 49 52 82 54 11 40 45 49 80 55 73 57 86 97 12 59 55 65 15 62 31 24 9 50 0 89 47 81 3 11 66 9 44 79 41 38 54 75 80 14 36 98 5 95 63 17 83 33 100 42 55 18 15 10 33 55 39 100 89 56 95 100 16 11 15 55 77 88 72 7 54 84 22 53 27 100 100 32 88 22 6 100 53 61 100 92 100 100 100 100 100 100 100 100 100 59 100 59 100 83 46 100 100 100 100 42 53 28 100 58 100 100 100 100 17 100 100 100 100 19 100 42 100 67 9 60 48 43 23 7 100 100 96 
4 52 5 20 26 10 42 24 88 22 38 70 37 58 73 24 32 48 31 78 72 53 6 74 21 36 2 44 86 64 1 9 39 92 93 39 76 46 80 14 98 23 21 26 96 94 38 45 81 54 8 59 78 43 39 97 67 74 77 91 71 3 100 21 100 100 100 82 100 8 100 100 44 10 100 29 100 63 100 32 100 46 15 100 100 41 100 41 55 15 25 100 100 100 100 100 74 100 100 89 55 100 100 100 17 100 79 100 100 100 90 100 48 100 55 100 54 43 100 100 100 100 98 49 100 100 35 100 100 100 100 21 46 13 100 27 85 87 34 100 53 79 100 95 83 28 46 66 100 7 
74 11 62 82 10 63 33 65 75 71 79 57 28 78 93 90 22 53 42 24 23 81 54 73 74 24 10 8 55 100 7 35 6 97 35 1 40 27 8 40 75 96 11 44 13 29 100 75 86 21 90 78 54 49 64 38 84 87 89 43 76 53 84 27 56 100 54 66 75 56 58 22 0 25 53 14 100 100 63 39 95 31 96 34 48 42 36 62 36 45 18 100 100 35 15 44 7 73 21 54 33 77 5 15 100 11 84 98 58 99 100 12 18 75 31 18 36 100 86 89 91 83 22 37 84 31 100 44 17 87 48 100 100 100 100 30 100 33 30 25 13 57 83 22 66 14 100 100 32 
69 80 8 88 43 58 52 25 10 0 22 0 58 45 31 72 94 46 31 68 18 51 99 76 39 42 54 21 82 71 98 43 22 30 46 17 53 54 15 15 74 59 31 80 41 83 89 52 15 46 61 1 66 45 41 20 75 12 65 21 21 47 43 82 41 27 83 36 49 18 3 96 53 58 18 43 53 80 17 93 64 80 10 41 18 92 7 13 82 61 44 61 58 17 40 61 59 91 50 45 75 46 18 61 10 41 68 80 95 0 6 89 63 31 4 23 95 41 39 17 48 78 95 46 29 46 54 73 54 37 43 52 18 15 43 10 15 10 95 83 21 90 97 89 74 45 10 10 
76 34 31 0 90 0 73 22 33 28 92 13 21 36 52 59 11 16 29 78 54 31 22 86 71 11 32 71 64 83 38 6 61 3 87 73 19 100 14 1 54 18 79 100 15 6 88 27 67 2 22 49 65 4 80 25 9 53 51 56 12 100 26 100 48 100 89 100 100 31 22 100 100 42 100 100 100 100 84 31 100 60 100 100 55 95 17 100 57 100 100 100 100 89 100 100 39 69 100 100 100 100 100 100 100 100 100 100 100 96 100 71 100 17 17 100 100 100 100 100 62 100 100 53 100 100 100 100 10 72 93 100 100 18 100 100 100 68 100 63 62 54 38 47 41 98 100 
5 82 38 28 75 83 63 29 97 35 37 22 11 21 35 48 100 92 53 49 61 10 72 84 73 54 90 39 68 64 8 49 12 51 60 59 4 94 2 19 9 65 14 33 87 100 21 100 100 35 49 86 100 35 100 100 73 100 3 52 100 100 100 36 100 52 100 100 18 52 15 100 100 100 100 100 100 46 68 100 100 100 50 44 41 69 100 100 100 100 100 100 73 100 100 39 8 100 100 100 100 100 100 100 100 100 100 99 53 100 48 100 0 80 100 100 34 100 100 43 100 100 52 100 100 100 100 43 100 100 78 100 98 100 70 58 57 56 31 80 95 42 13 100 100 93 
44 30 72 32 18 17 69 61 57 29 11 97 8 0 79 41 52 37 21 84 18 25 52 91 22 96 14 54 13 64 49 40 73 6 71 100 99 28 2 47 56 63 48 85 27 100 58 65 52 54 100 100 45 100 3 62 100 100 80 100 100 93 35 100 45 100 100 53 62 100 100 100 100 100 100 92 71 31 100 100 70 100 44 69 41 100 100 100 100 100 100 43 100 12 68 95 100 100 100 100 100 100 23 100 66 100 100 74 100 36 100 41 8 100 67 100 100 100 45 100 100 58 100 100 100 81 48 94 100 35 88 100 77 100 78 83 39 97 15 49 100 64 100 100 60 
15 18 15 7 39 75 35 35 59 89 18 97 42 83 0 12 41 19 64 4 80 26 36 21 39 21 51 55 68 32 69 84 41 89 68 69 84 35 8 46 10 17 61 75 35 48 95 87 63 22 82 1 43 8 77 49 21 14 39 75 74 85 17 9 44 80 57 70 84 49 8 45 46 45 62 86 23 53 39 43 10 6 85 28 10 36 17 12 83 48 93 15 64 40 13 48 62 83 53 44 58 74 54 8 83 82 33 80 60 69 27 66 31 89 22 36 68 76 82 61 81 73 73 89 75 47 36 17 10 52 80 74 36 35 62 68 12 5 67 84 10 8 73 74 
46 6 53 12 9 77 97 66 14 93 54 41 24 20 50 14 68 43 43 16 58 88 18 81 47 82 37 11 73 93 69 100 22 33 92 100 32 78 1 100 100 100 100 32 100 95 75 84 3 100 58 91 100 59 100 71 84 100 100 100 83 100 10 72 100 71 17 100 100 100 100 79 100 100 49 59 82 8 100 100 62 10 35 100 100 100 100 100 100 83 100 100 22 53 100 26 100 100 100 51 100 100 5 100 100 53 100 10 100 49 0 100 89 100 100 40 44 100 100 21 100 100 100 70 44 100 100 100 100 100 100 100 100 61 100 76 58 31 87 42 100 100 62 
1 21 16 45 53 76 65 10 54 39 45 80 79 17 42 52 15 49 95 82 66 34 27 30 55 32 31 41 86 94 91 100 9 20 48 88 77 70 17 6 27 11 5 14 87 68 73 92 100 44 100 60 82 25 100 8 93 47 74 61 100 17 40 100 68 68 100 100 100 100 23 100 100 74 54 100 100 100 100 99 21 53 100 100 100 100 100 100 48 100 85 80 45 100 83 100 100 2 100 100 100 100 100 100 15 100 36 100 68 84 98 100 100 100 93 44 100 100 49 100 100 100 100 12 100 69 100 100 100 100 100 100 100 100 100 55 49 100 100 100 19 100 
12 89 53 72 3 76 92 47 69 49 33 51 42 56 62 17 45 27 71 62 74 78 97 36 79 24 83 82 81 59 44 86 100 25 66 14 14 98 56 7 63 40 80 13 49 35 50 37 71 41 11 48 38 1 44 47 100 30 69 70 43 58 41 53 46 19 100 98 23 100 100 100 95 48 100 100 100 100 49 10 41 100 100 100 100 100 100 58 34 100 21 31 100 100 100 2 100 100 100 100 100 100 100 39 100 84 100 46 41 100 100 5 100 30 61 36 100 52 100 100 100 100 54 100 100 100 100 23 100 100 100 9 20 85 73 95 73 42 61 100 30 
59 39 18 31 45 12 74 81 9 71 84 48 18 79 24 62 46 63 95 21 39 89 34 12 58 93 46 58 49 18 83 71 46 36 84 75 12 55 61 8 84 49 15 40 86 12 36 72 10 8 64 15 44 77 82 68 71 45 10 19 61 59 13 56 80 83 53 8 68 89 44 85 32 59 48 8 10 97 4 16 21 69 74 83 12 48 91 45 41 98 42 15 45 68 84 52 45 84 12 52 83 43 92 95 51 84 50 20 74 49 18 21 82 23 83 41 6 58 83 84 43 65 54 0 43 36 15 52 74 46 89 73 69 21 96 52 52 62 53 61 
67 66 96 74 46 70 31 52 95 57 34 29 52 53 62 54 95 59 26 92 25 73 44 94 18 99 3 47 32 12 41 87 48 90 91 9 25 67 19 69 21 86 35 55 98 35 69 49 40 80 28 76 83 42 100 51 52 20 8 100 100 75 95 100 100 72 64 100 100 100 82 52 93 100 100 13 61 74 75 100 100 100 100 100 100 31 100 61 43 74 100 100 100 100 100 100 100 100 100 100 100 45 100 58 100 49 35 100 100 100 100 61 73 100 100 53 100 100 100 100 58 100 100 100 100 60 100 30 100 100 100 100 0 59 12 4 100 50 81 
2 20 25 10 91 8 48 73 6 90 13 49 15 74 14 22 37 0 76 14 12 68 63 41 42 57 81 100 64 11 13 26 71 29 7 88 56 72 36 87 19 45 46 52 66 69 100 100 31 24 38 35 100 100 100 89 100 54 100 100 82 44 10 100 85 100 100 100 100 21 59 100 100 100 100 74 39 8 100 100 100 100 100 100 36 100 100 62 43 100 100 100 100 100 16 100 100 100 100 100 21 100 41 50 45 61 100 4 100 26 100 35 100 100 10 100 97 100 100 58 100 100 28 99 100 100 100 100 47 100 78 48 84 5 100 100 100 86 
67 1 52 68 21 12 92 3 70 58 45 52 43 6 46 13 88 24 40 43 10 98 8 34 59 38 64 5 50 63 26 87 29 31 41 32 0 93 22 90 58 89 81 49 95 9 62 89 85 29 69 16 100 100 12 40 61 48 30 22 36 28 72 81 100 38 18 19 44 69 88 51 14 30 73 12 95 37 39 100 100 60 100 83 100 100 73 73 100 76 100 100 100 100 78 100 100 100 100 44 100 46 47 71 54 100 100 100 100 96 83 100 100 48 100 100 100 100 41 100 100 100 30 94 100 100 100 100 100 100 75 17 4 85 90 51 62 
16 85 99 58 41 13 47 37 27 15 0 61 23 0 53 52 91 60 21 50 61 62 100 95 64 100 38 24 33 78 66 86 100 34 100 51 83 100 39 35 59 56 100 89 100 68 89 100 30 62 100 100 9 54 100 21 100 100 71 68 100 100 100 77 100 100 100 49 17 100 6 74 100 12 61 49 88 15 100 100 32 100 8 100 44 48 18 100 100 100 100 100 100 100 100 100 26 100 53 100 59 100 73 0 100 100 100 100 79 49 100 100 71 100 100 100 2 74 100 100 69 14 29 100 100 100 63 100 100 39 10 40 55 100 100 78 
18 79 95 21 62 90 67 64 36 36 71 26 62 92 20 77 82 58 14 69 80 73 6 80 53 43 75 9 3 23 53 66 93 72 5 38 52 47 55 71 11 68 17 7 42 17 50 90 59 86 100 21 59 62 22 94 100 83 82 63 28 96 100 54 70 100 45 17 32 100 100 100 17 49 10 100 100 100 78 100 100 95 100 34 0 73 100 100 100 100 100 100 57 100 100 100 100 48 100 12 100 49 55 4 98 100 100 43 17 100 7 49 100 100 100 100 15 33 100 100 100 37 100 100 100 51 100 100 17 61 31 3 88 100 15 
20 73 59 38 61 5 1 44 58 41 40 89 25 70 65 72 54 27 32 15 51 29 2 83 56 67 57 14 1 24 48 97 84 68 89 9 37 52 46 49 26 62 39 100 12 75 50 12 100 91 100 75 30 0 100 88 43 59 100 13 100 100 4 100 66 31 18 100 100 100 100 22 73 75 100 100 100 100 100 100 75 100 100 71 75 100 63 100 100 100 100 100 100 100 42 100 75 100 44 100 45 73 100 55 100 100 61 36 100 100 44 100 47 100 100 12 100 100 100 100 16 100 60 100 100 86 100 62 75 49 32 100 100 68 
39 89 12 94 4 41 46 22 41 50 48 34 81 44 27 43 98 59 58 29 65 76 72 86 80 38 87 37 71 92 7 51 96 25 16 5 82 36 83 56 35 67 82 55 96 0 69 38 60 33 22 62 54 6 13 43 12 1 84 32 50 28 23 80 49 69 80 61 95 16 46 15 68 31 12 10 51 12 77 39 9 80 74 0 72 53 48 50 100 27 49 38 65 100 100 15 19 8 100 68 15 100 24 100 48 23 80 100 100 46 100 100 100 32 75 100 100 100 100 74 100 100 88 100 85 100 12 84 74 100 100 100 87 
23 8 82 41 69 93 79 1 53 73 75 48 8 53 28 21 18 6 45 58 71 82 68 43 46 54 45 10 71 82 49 31 71 82 44 4 34 12 43 30 62 74 16 82 48 15 62 53 69 67 36 70 44 71 98 26 80 39 59 68 84 49 0 64 19 71 31 61 69 76 57 37 17 46 95 41 35 89 47 0 22 90 87 55 17 22 41 49 68 41 12 12 45 82 78 48 96 89 24 38 82 69 83 39 62 13 82 31 56 46 48 31 55 42 31 53 0 8 61 18 80 55 54 75 49 11 29 43 84 84 89 17 
55 31 59 17 98 34 20 21 6 48 35 48 17 85 68 58 86 53 53 44 35 73 80 36 53 80 22 83 61 17 21 31 45 55 65 37 44 73 76 62 53 24 73 71 19 49 54 69 30 68 2 48 99 79 40 52 53 43 55 95 69 55 25 78 82 31 22 22 5 27 67 39 35 31 46 15 36 70 41 53 7 63 55 74 89 17 12 55 21 95 31 49 8 47 75 66 62 56 93 75 71 8 95 39 64 61 55 32 53 75 0 69 50 35 55 89 18 80 71 69 83 53 68 82 33 81 15 61 59 69 55 
30 2 60 0 44 36 28 45 40 47 25 90 35 81 27 49 91 1 77 87 51 37 54 6 89 99 22 31 66 43 36 97 86 15 8 17 23 46 29 98 68 36 47 35 79 100 100 95 84 58 67 57 74 74 100 100 100 32 100 75 100 95 12 76 100 100 100 15 58 74 100 96 100 100 94 100 46 100 5 46 61 100 70 100 20 100 100 100 100 100 7 100 45 100 10 100 17 95 100 100 100 100 72 44 100 100 95 100 100 100 100 55 100 100 100 100 89 100 100 85 100 100 93 55 21 0 100 100 88 24 
28 98 75 83 58 4 68 1 93 75 2 69 63 25 44 9 19 92 23 46 38 42 18 76 14 33 33 50 67 51 65 27 55 15 81 100 41 72 66 54 67 60 44 52 6 81 45 83 8 65 74 62 44 47 100 87 71 100 100 100 48 73 97 100 100 100 55 15 53 11 100 100 100 100 100 61 100 32 84 75 70 100 100 100 100 100 12 100 39 100 100 54 100 0 100 35 31 100 78 37 100 88 53 100 100 43 100 100 100 100 89 100 100 100 100 28 100 100 100 100 29 100 52 84 34 100 100 100 77 
15 62 58 71 3 74 0 87 59 21 89 20 38 80 14 75 10 93 72 98 30 33 48 88 65 86 76 56 95 94 14 12 68 25 48 45 98 55 74 13 43 48 99 8 91 71 51 75 58 64 74 31 49 7 46 27 100 33 37 46 59 79 97 100 50 45 69 36 100 1 100 26 95 100 54 100 58 84 89 100 100 100 100 100 100 100 88 100 100 100 31 100 35 100 68 49 100 100 100 40 23 39 100 100 45 100 96 100 100 54 100 100 100 100 22 100 100 100 100 100 100 83 68 46 100 100 100 63 
45 43 73 11 22 97 31 55 76 69 66 19 41 16 50 70 94 93 65 92 99 47 54 38 20 89 30 3 12 78 68 75 63 61 46 21 36 49 79 77 71 88 18 80 31 69 18 77 40 41 0 1 19 6 79 82 83 49 69 68 3 54 54 69 46 62 49 26 89 84 18 39 100 52 100 72 84 46 25 100 100 100 67 10 100 100 100 100 28 22 100 44 100 8 54 100 100 100 100 85 31 100 100 8 100 100 100 100 69 100 100 100 34 100 100 100 100 100 100 32 17 89 80 100 100 100 18 
72 42 44 1 18 54 83 73 11 17 44 68 15 80 41 46 10 17 31 82 83 10 53 43 48 10 59 46 59 81 76 12 83 29 74 84 25 48 43 32 18 54 59 38 12 86 82 35 16 75 95 17 69 18 12 31 44 67 5 58 75 74 15 91 3 27 75 39 49 36 80 74 63 45 55 23 26 35 49 58 54 35 74 2 44 18 68 43 66 59 39 58 34 60 21 61 48 82 41 57 80 62 78 75 80 53 49 90 21 48 58 15 43 95 17 83 55 61 54 14 47 54 45 0 68 43 
91 59 68 41 39 71 59 42 80 53 70 48 71 61 89 31 95 44 58 53 8 61 49 80 46 61 22 71 19 51 71 71 47 31 83 2 31 17 30 89 74 68 96 44 65 89 74 62 66 95 10 52 15 39 15 53 81 90 80 22 44 52 63 11 57 15 45 58 82 49 53 16 69 54 67 28 53 18 58 17 53 52 73 95 41 43 95 85 21 29 82 32 94 82 68 69 83 41 1 89 35 38 89 84 77 43 9 75 44 95 55 12 22 8 18 10 59 55 78 93 59 41 35 53 22 
49 98 80 36 61 48 37 68 62 0 61 21 71 55 45 73 49 73 59 0 52 39 95 18 62 68 22 7 28 45 44 94 55 58 19 35 58 92 52 10 21 85 73 82 80 73 77 38 62 84 52 46 22 52 21 87 11 21 35 39 83 96 50 90 83 44 89 59 17 41 34 36 15 79 99 39 35 82 82 39 41 73 15 17 18 46 51 36 26 48 14 64 21 82 52 17 53 97 75 55 70 58 10 18 73 60 53 73 62 95 61 82 43 68 43 49 89 32 9 17 46 83 39 48 
22 98 5 7 63 21 34 42 62 80 45 87 52 100 70 60 9 88 89 67 42 18 10 90 76 92 17 89 0 91 39 85 100 62 33 71 89 95 38 92 12 31 43 18 79 73 48 96 85 68 100 93 99 100 49 71 65 100 100 100 35 80 41 100 100 100 100 56 100 10 100 19 39 69 100 100 100 100 100 100 100 100 100 100 100 18 100 31 100 10 58 51 100 100 100 100 48 77 64 75 100 100 100 100 69 100 100 100 100 100 100 100 100 100 100 100 61 46 29 100 100 100 1 
75 53 35 54 94 36 8 37 58 39 35 31 17 43 45 17 43 18 44 54 41 15 69 80 8 32 96 53 83 5 53 41 72 46 41 85 53 36 83 25 89 69 84 73 65 11 58 44 80 44 84 74 0 51 97 52 59 45 18 86 66 56 59 44 89 73 12 68 77 44 83 2 91 69 58 83 82 15 0 15 10 62 73 49 90 22 24 59 23 78 52 49 43 61 68 93 31 21 9 21 43 84 84 30 36 0 43 0 18 22 68 55 18 73 44 99 16 31 52 8 58 48 
94 29 23 54 51 10 68 68 85 65 72 77 31 32 72 28 11 76 50 4 64 9 52 70 69 8 87 93 55 56 99 75 61 17 48 6 24 3 89 67 95 38 30 39 35 59 15 5 82 16 65 90 18 73 98 59 22 53 58 12 22 22 33 84 75 12 100 71 100 100 46 62 100 100 19 100 100 100 100 100 100 100 100 62 100 48 100 45 71 100 100 100 100 100 75 100 100 43 100 58 100 100 19 100 100 100 100 7 100 100 100 100 100 96 35 74 100 100 63 100 100 
36 6 0 42 92 44 90 63 40 79 2 77 11 98 91 97 19 18 27 37 8 96 67 68 46 84 65 0 71 33 21 58 45 35 10 100 50 73 3 44 100 29 35 44 9 100 28 72 15 100 27 46 80 100 100 66 16 53 73 68 30 56 100 13 1 100 43 62 100 61 73 100 4 100 100 100 100 100 100 99 100 100 18 100 61 100 0 17 100 100 100 100 38 0 100 100 41 100 100 100 100 73 100 100 100 100 100 100 25 100 100 100 100 59 35 100 100 100 100 100 
58 80 47 57 8 19 88 56 60 28 63 14 33 79 66 72 11 21 12 7 38 64 54 45 34 9 68 47 13 68 26 94 59 65 39 78 69 99 68 100 52 17 84 100 17 31 100 18 100 22 35 36 51 100 50 100 53 89 0 100 100 63 67 100 100 41 0 100 43 39 100 100 100 100 100 100 100 100 100 100 100 52 100 46 100 15 82 100 100 32 100 85 39 100 16 43 100 100 100 37 71 100 100 100 100 100 100 100 100 100 100 100 46 49 100 100 100 100 100 
31 0 70 71 79 26 8 88 1 84 16 42 39 98 99 78 83 57 87 33 51 59 0 41 94 18 16 35 44 38 24 74 11 67 12 53 61 10 3 14 83 49 68 91 12 66 65 35 19 10 12 51 16 7 89 44 62 84 20 32 34 20 39 100 10 28 57 10 18 7 42 56 92 100 74 33 47 29 89 93 45 58 12 23 0 15 100 100 100 88 80 71 100 100 22 100 77 34 100 55 100 100 100 100 100 97 91 100 100 100 100 58 17 51 100 100 100 100 
73 39 24 54 28 0 36 10 43 62 21 10 52 71 0 35 62 0 89 22 26 32 75 53 23 55 74 60 80 95 70 55 89 15 33 68 50 69 74 92 57 62 46 73 0 58 12 69 88 67 95 35 69 0 20 19 65 69 12 95 36 71 52 78 46 61 87 76 46 15 68 49 89 69 71 0 53 68 12 56 71 93 31 38 40 68 45 75 84 73 86 8 15 77 83 43 73 17 81 62 44 15 73 46 36 35 55 48 61 53 16 72 68 22 58 68 69 
86 8 56 76 78 80 11 90 71 82 65 87 24 61 3 40 88 29 57 22 75 6 95 89 83 37 54 72 61 49 70 99 97 36 94 84 73 39 55 62 4 96 60 100 82 100 59 46 74 9 11 100 91 41 71 45 100 23 100 100 33 1 68 100 100 12 15 100 100 100 100 85 100 100 100 100 93 100 84 100 80 100 49 22 100 100 100 100 100 39 100 100 35 25 100 2 75 74 100 100 100 100 100 7 100 100 5 100 100 12 89 46 100 100 100 100 
36 64 79 37 91 3 49 23 95 51 47 82 4 9 88 13 14 99 68 46 76 16 54 40 100 21 100 100 39 100 20 43 39 100 45 100 60 41 52 52 100 100 29 100 96 72 73 83 100 100 87 7 66 83 41 5 90 100 100 74 100 17 33 78 83 58 100 100 56 100 100 100 100 100 100 100 100 8 100 15 100 18 89 1 100 100 100 100 62 100 100 36 100 100 100 100 35 100 100 100 100 100 100 100 100 100 100 100 39 75 50 67 100 100 11 
0 4 52 41 61 82 17 83 49 8 74 53 43 49 74 52 82 60 57 73 83 91 8 10 40 89 46 54 12 21 95 28 31 56 59 69 76 64 35 83 82 73 95 0 95 72 47 17 61 83 12 38 63 20 22 68 80 48 17 53 50 39 95 29 67 82 55 15 59 15 54 15 0 55 43 75 13 61 78 84 25 92 75 84 75 74 75 5 82 48 42 10 18 0 71 33 89 35 35 82 74 58 35 41 44 75 18 34 94 36 84 36 0 73 
11 4 97 7 88 50 55 21 85 25 60 32 94 96 31 33 89 48 26 30 58 13 51 8 95 78 59 59 87 11 49 28 48 36 2 8 69 77 63 24 23 10 100 23 44 36 32 70 69 47 54 15 35 45 38 6 37 54 74 36 82 100 69 89 20 100 100 39 100 57 100 100 100 100 100 55 100 61 8 83 53 67 100 100 100 100 68 100 100 53 2 100 92 100 71 100 100 100 100 100 100 14 100 100 100 100 21 18 23 100 100 100 98 
96 16 24 68 20 46 13 9 5 98 60 92 66 99 30 15 10 42 54 10 47 70 82 64 27 0 36 83 67 43 33 21 23 39 74 21 93 38 61 34 53 6 39 19 83 3 29 55 59 84 55 12 91 77 93 14 90 5 35 60 48 74 75 99 52 46 29 51 14 93 2 80 86 81 68 99 89 94 82 74 100 100 100 97 100 10 100 100 84 100 100 4 100 46 100 37 100 100 100 100 100 100 100 78 100 49 82 100 100 100 100 100 
50 57 5 66 75 30 88 20 24 34 31 29 84 11 83 62 32 100 31 33 43 36 39 100 58 100 16 100 44 26 18 95 23 36 95 67 100 100 69 13 100 85 17 31 100 100 100 72 10 49 61 100 97 100 100 100 100 12 94 100 61 0 100 100 100 100 100 100 79 100 100 100 100 53 100 52 100 55 71 7 100 25 100 100 15 100 100 41 100 100 14 100 80 100 100 3 100 100 100 28 19 100 100 100 43 44 100 100 45 100 100 
49 29 98 34 95 89 77 70 5 28 92 81 6 62 39 99 47 61 1 100 18 100 86 21 74 56 20 41 85 82 68 4 59 17 13 100 30 24 100 48 100 54 8 42 100 78 100 43 82 75 100 100 96 100 27 33 18 100 100 82 62 100 100 100 65 100 67 100 100 100 100 100 18 100 44 100 39 0 100 38 57 100 100 71 100 100 69 100 100 26 100 46 100 100 100 100 100 100 100 100 100 100 100 18 10 100 100 100 100 100 
47 97 61 16 35 26 95 91 70 14 37 88 31 71 80 90 48 81 58 80 19 34 39 31 6 4 17 66 55 41 63 18 83 99 32 76 17 100 53 96 18 36 30 100 100 100 22 54 22 100 59 100 32 100 100 80 100 100 31 36 100 94 100 100 100 100 100 42 100 100 100 0 100 8 100 69 39 100 100 100 100 21 15 100 100 36 100 100 100 100 59 100 100 100 100 44 100 100 29 100 100 20 62 71 65 100 8 100 48 
13 27 63 15 54 76 19 60 91 34 72 95 10 64 57 54 97 78 59 0 32 58 26 40 4 53 81 0 55 58 8 69 56 17 12 7 42 100 16 59 80 61 52 100 74 10 69 35 66 100 28 2 53 100 39 100 30 62 22 100 100 100 3 100 100 100 85 93 100 100 43 100 73 100 49 54 100 100 100 100 100 61 100 100 84 44 100 100 9 43 79 100 100 100 100 100 100 100 100 100 100 17 8 100 100 100 100 100 
79 72 26 52 47 99 91 94 41 90 8 17 82 22 39 65 76 69 93 98 52 3 88 7 80 27 10 84 77 61 15 78 19 43 93 67 24 6 68 0 70 64 81 51 21 0 69 92 64 99 100 54 63 18 56 49 48 83 29 34 36 3 68 29 95 50 94 100 100 31 85 55 100 12 39 100 100 100 100 100 74 100 68 75 100 100 5 100 69 100 100 40 100 100 100 100 100 100 100 100 59 49 100 100 100 100 100 
25 32 85 30 86 7 60 1 28 49 89 76 50 12 67 56 59 23 57 22 24 11 37 49 63 31 4 16 44 15 74 91 13 65 0 44 48 54 41 33 8 41 43 83 35 49 80 10 38 66 65 100 41 40 40 45 61 39 61 82 84 97 100 100 92 96 100 100 68 100 8 100 58 62 100 100 100 100 100 17 100 100 21 100 100 100 100 68 100 100 100 100 100 29 100 93 100 100 100 61 71 100 100 100 100 100 
4 57 35 24 50 2 64 38 62 31 74 7 15 27 75 84 97 99 0 85 32 48 73 69 45 19 94 48 45 82 70 34 86 40 11 46 61 55 81 57 29 15 0 45 53 96 3 98 81 20 100 49 100 93 84 83 100 67 100 26 60 100 100 100 6 100 100 68 100 58 100 18 52 100 100 100 100 100 52 100 100 36 100 100 100 100 15 100 100 100 100 100 100 100 100 100 100 100 41 53 100 100 100 100 100 
28 53 78 19 77 73 34 8 49 39 27 22 92 61 21 36 30 10 5 43 63 55 93 17 12 25 45 83 90 64 23 16 58 7 67 44 55 37 23 47 73 39 61 62 33 76 100 39 84 29 21 100 91 95 52 100 31 23 100 6 69 81 100 100 100 100 49 100 41 100 59 82 100 100 100 100 100 31 100 100 84 100 100 38 100 80 100 100 60 100 100 100 100 100 100 100 100 75 49 100 100 100 100 41 
13 88 97 50 27 58 89 80 1 0 46 23 73 68 56 16 69 15 86 2 21 68 62 87 49 12 10 91 20 45 75 17 40 30 10 44 80 25 51 18 52 0 18 42 36 100 94 43 100 53 100 3 8 83 100 37 93 100 100 100 100 47 100 100 96 84 32 68 100 35 74 100 100 100 100 100 69 100 100 53 90 60 100 100 55 100 100 55 100 100 100 100 100 100 100 100 12 59 100 100 100 11 100 
28 69 85 91 68 80 75 79 63 12 32 99 36 65 19 52 77 14 96 35 29 84 75 27 83 59 2 94 44 36 21 26 15 45 46 92 69 89 67 43 46 39 57 14 10 62 89 87 71 100 72 61 36 98 59 12 88 100 94 100 64 81 100 38 49 100 58 100 82 61 100 100 100 100 100 31 40 100 59 23 100 100 100 22 3 100 100 100 100 100 100 100 100 100 100 46 82 100 100 100 100 100 
22 30 2 77 17 43 67 42 18 52 25 36 47 70 44 33 46 31 49 58 45 98 36 45 44 11 97 39 78 63 93 82 73 54 69 49 83 6 18 80 71 23 73 15 68 14 75 44 56 47 89 22 51 65 57 34 37 59 30 20 3 44 90 69 100 35 27 35 82 100 100 0 100 26 48 29 96 43 100 53 1 80 89 40 17 79 50 85 100 87 100 100 80 35 10 68 74 100 38 58 54 
23 26 20 17 46 33 59 15 34 29 74 52 13 61 61 85 87 55 53 55 66 45 17 0 32 81 1 39 36 38 14 49 10 98 3 4 63 48 74 62 16 99 82 91 77 31 69 78 68 58 54 73 90 56 42 100 89 94 52 79 20 100 15 47 15 13 15 75 100 9 100 76 93 73 5 73 8 100 7 100 35 73 24 24 100 100 100 100 100 6 100 100 100 35 54 100 100 100 100 100 
55 97 31 71 68 34 58 76 59 45 99 26 62 57 64 24 43 37 17 46 86 21 21 75 89 39 42 33 72 11 49 18 33 28 48 4 73 73 54 17 67 81 95 19 6 61 70 68 54 8 44 10 41 22 20 26 58 62 17 71 100 58 53 61 66 69 17 14 100 80 100 100 58 100 47 39 100 100 100 100 15 100 100 100 100 100 100 100 100 100 100 100 52 73 78 100 100 100 100 
17 8 36 28 11 48 19 57 61 4 63 8 47 23 86 8 48 45 60 7 49 43 66 79 50 3 88 6 20 62 46 78 77 30 40 58 43 74 53 51 93 73 24 32 39 39 96 18 12 77 70 2 69 25 75 42 68 15 11 70 74 57 61 10 44 58 95 100 49 90 34 89 37 7 12 100 91 56 31 39 23 78 33 27 9 92 100 100 100 100 95 31 68 100 5 100 100 100 
69 18 66 52 80 50 81 10 91 85 71 18 35 25 12 32 54 79 31 8 82 73 1 86 94 89 49 60 62 39 44 80 3 56 58 84 35 51 48 23 85 40 29 55 16 24 80 75 92 21 25 100 42 100 4 26 100 100 100 41 100 59 100 10 36 100 100 12 100 100 39 100 100 54 100 22 9 100 18 100 100 100 100 100 100 53 100 100 100 100 21 22 100 100 100 100 100 
64 10 82 6 68 17 70 69 10 72 17 39 73 37 84 83 74 53 42 3 0 58 22 58 10 54 8 89 14 39 10 10 18 53 93 38 74 55 18 35 52 10 24 59 17 16 66 44 84 62 18 83 95 53 74 52 80 22 99 22 86 74 51 98 84 41 48 17 48 47 44 71 71 58 71 58 36 85 46 0 46 80 36 22 68 41 83 12 59 94 57 28 8 10 55 62 
18 0 24 48 69 98 0 69 91 31 68 62 13 39 60 43 46 78 90 22 36 15 44 45 61 36 1 25 49 41 8 82 2 94 72 68 75 22 61 61 79 3 18 74 6 27 31 53 49 0 22 84 52 36 53 83 69 9 39 47 59 77 79 61 74 75 73 31 26 95 17 40 52 84 12 73 87 41 52 39 69 83 84 46 95 71 45 62 88 38 62 52 10 68 17 
96 95 38 4 8 55 95 61 7 72 29 35 2 31 90 61 12 22 21 45 14 78 77 17 59 73 12 5 27 94 93 71 48 48 100 31 62 60 100 70 43 20 100 17 74 100 40 100 100 100 100 100 100 100 24 100 69 100 45 100 69 89 100 100 36 54 100 53 13 100 10 100 85 100 100 15 100 100 100 75 100 100 23 100 100 100 88 10 45 100 100 100 100 16 
75 3 72 55 92 87 89 2 70 45 39 12 22 76 97 15 58 64 40 77 20 69 82 29 17 10 6 65 80 98 62 62 84 79 19 86 85 18 58 53 64 30 83 41 1 13 51 88 32 34 100 46 100 100 100 22 100 15 100 82 52 100 100 100 25 100 52 100 100 0 100 24 81 5 48 100 100 100 100 100 100 100 100 78 100 100 48 58 100 100 100 100 99 
74 52 68 18 84 11 43 83 8 7 39 85 71 54 37 28 71 22 18 73 62 35 45 63 65 59 74 55 53 40 92 88 95 73 18 82 0 84 56 73 95 66 38 55 31 75 22 21 58 48 31 41 44 54 10 73 79 71 42 97 36 59 31 22 41 50 82 68 33 61 89 59 95 86 18 46 63 89 54 44 43 12 69 36 49 2 34 21 59 61 18 75 
84 35 16 96 58 51 93 73 0 49 8 39 66 83 84 14 78 88 99 6 18 57 44 74 77 37 31 70 80 75 35 82 94 30 69 26 45 46 79 45 62 84 2 15 55 62 12 63 5 90 11 21 100 80 99 46 41 22 46 42 100 100 35 89 35 15 24 17 100 5 100 81 75 28 100 0 73 100 44 100 86 36 65 100 54 31 100 20 100 100 100 
39 6 20 17 63 1 22 45 86 8 53 51 41 48 85 32 97 67 26 64 65 95 41 96 44 2 23 46 74 89 27 24 7 72 54 5 43 100 24 74 18 77 0 79 87 99 80 49 100 47 13 17 49 100 68 16 69 15 100 100 100 100 6 68 90 100 39 100 100 100 100 39 100 88 14 100 100 94 100 100 100 100 100 12 52 100 100 58 38 100 
68 22 38 41 12 61 97 59 81 18 89 85 47 43 44 43 49 89 62 36 30 87 84 74 10 54 1 79 91 41 12 74 43 55 48 23 84 95 3 93 61 54 31 39 69 62 53 21 48 22 74 76 80 14 41 7 33 54 55 45 54 41 32 22 69 20 17 21 48 54 13 69 58 18 58 45 46 83 35 48 0 8 56 15 54 95 73 82 46 
67 17 60 45 34 84 42 84 78 11 43 84 7 66 38 5 25 20 98 21 43 81 99 57 1 89 15 49 29 85 8 90 86 94 54 45 9 10 62 96 87 59 72 41 34 9 70 41 12 12 59 2 52 14 68 53 46 100 40 100 20 53 100 100 17 100 100 100 100 22 100 100 100 100 27 100 77 37 100 100 100 59 71 100 100 100 100 100 
53 22 49 5 83 11 18 15 28 62 84 81 42 93 14 98 92 37 80 89 31 4 7 33 84 62 8 73 22 56 25 57 42 31 47 2 58 82 6 72 20 81 39 36 35 33 64 51 100 59 65 41 86 74 75 13 1 100 100 100 73 31 38 52 100 41 97 100 58 12 100 100 9 100 23 40 100 100 100 100 22 83 100 100 100 100 100 
73 95 41 16 21 90 43 21 23 42 43 21 71 59 44 95 83 56 3 71 55 83 12 4 34 29 31 35 59 31 62 31 87 84 17 78 94 48 8 95 10 21 54 48 69 83 75 31 2 61 99 75 64 28 53 22 48 82 12 98 41 68 67 12 68 10 65 97 0 43 84 44 58 45 68 73 18 22 89 86 25 80 73 39 22 84 
94 27 59 79 75 32 78 80 45 97 12 23 90 19 34 91 44 53 56 50 9 65 22 62 25 48 71 14 38 37 67 62 92 76 52 80 30 98 4 1 95 29 18 25 69 41 100 25 40 68 81 84 22 100 100 55 100 3 54 9 86 84 100 87 76 34 39 49 20 59 66 100 72 46 100 96 100 15 58 44 59 100 46 63 0 
98 61 9 39 37 65 73 44 5 92 3 28 96 78 7 44 48 19 25 84 29 53 21 41 66 4 42 90 13 30 74 67 58 18 61 63 2 60 79 100 100 31 100 57 100 100 35 17 41 100 82 52 100 97 81 100 100 71 100 100 39 51 100 100 100 83 80 100 100 100 100 100 100 15 76 100 100 21 53 100 100 100 100 100 
55 17 59 1 90 44 54 47 6 16 25 32 85 78 41 59 10 94 42 46 43 15 8 49 58 61 92 36 20 82 11 56 68 55 79 64 66 40 88 65 43 74 100 59 71 75 72 69 23 95 18 52 58 37 100 100 62 100 100 39 38 57 82 23 74 28 100 100 100 100 76 100 14 12 100 100 75 80 64 100 100 100 100 
41 5 8 10 19 98 35 18 22 54 46 62 45 3 42 36 21 46 0 65 51 14 45 69 22 53 49 73 81 53 41 99 9 83 45 44 95 61 15 36 22 43 10 49 73 62 92 46 11 6 43 89 69 10 17 20 12 73 50 15 44 36 46 34 73 89 58 44 22 80 75 0 45 89 20 29 66 22 36 17 44 45 
71 56 6 49 21 92 5 46 57 7 16 74 43 45 72 15 65 77 8 82 12 19 25 76 23 91 13 52 60 87 73 68 78 2 46 62 40 34 98 34 88 35 14 12 19 0 57 62 71 16 61 96 96 49 52 67 75 10 100 25 54 24 15 81 34 70 94 100 85 33 100 100 38 32 0 22 78 7 25 56 100 
21 21 22 87 39 58 69 62 21 45 31 14 99 89 68 73 71 27 72 26 15 54 73 59 69 41 1 59 43 37 64 12 41 43 12 45 18 22 61 75 83 83 16 62 23 0 48 25 71 41 59 46 58 42 95 82 11 80 75 22 8 94 75 8 36 31 36 52 48 62 17 82 39 66 20 52 61 45 61 74 
50 62 31 86 35 0 9 51 83 25 10 52 63 47 85 77 54 82 69 65 34 20 11 67 2 71 97 26 31 89 27 57 28 51 100 30 36 11 12 27 5 89 70 31 87 44 44 100 29 100 40 79 22 20 25 75 54 42 96 14 17 100 100 100 100 100 100 100 100 100 100 100 31 8 100 33 100 100 64 
48 17 3 48 89 47 14 37 43 46 15 87 91 24 85 8 48 48 99 20 5 76 62 56 95 81 42 22 74 0 38 72 98 29 82 40 59 100 2 19 59 14 17 77 12 84 59 92 100 67 100 73 100 100 54 32 9 100 100 69 100 100 100 100 100 100 100 17 100 100 100 80 8 100 100 100 100 100 
88 71 62 49 31 22 75 18 96 24 71 82 45 10 11 86 61 22 35 74 48 43 83 97 58 18 33 34 80 55 18 54 39 46 62 45 21 82 18 25 48 32 73 2 50 55 43 69 75 0 38 10 44 44 69 80 36 69 99 43 21 71 95 84 95 89 18 58 95 45 20 60 69 0 84 17 83 
53 10 15 83 45 58 89 17 6 75 54 58 41 85 68 74 31 80 35 44 43 82 53 95 71 76 5 46 46 80 82 17 61 58 39 43 84 75 94 89 9 54 55 77 95 44 62 0 39 67 83 48 99 55 17 15 58 27 10 75 21 12 35 43 10 8 48 54 18 51 79 48 62 39 75 8 
88 26 53 60 27 33 31 0 16 30 38 57 84 80 8 70 36 94 22 42 76 49 83 20 44 10 47 24 87 50 18 45 6 58 37 68 41 39 10 53 98 58 46 12 52 100 69 3 49 26 34 89 100 40 29 48 41 100 65 17 72 100 68 100 100 100 100 28 8 89 100 100 23 100 100 
90 40 27 20 87 43 49 33 11 0 61 48 62 21 52 2 57 98 51 72 46 50 75 31 54 71 9 26 30 73 47 3 76 16 23 91 55 99 17 34 54 53 59 12 67 46 65 22 9 86 95 14 82 100 12 54 60 11 100 22 8 100 100 100 100 100 100 41 39 100 100 100 93 100 
48 99 100 2 36 8 4 66 63 25 89 71 83 92 54 40 80 29 27 80 19 65 83 49 11 69 17 64 70 78 96 6 7 41 10 62 100 35 100 17 80 32 81 86 59 37 52 20 55 69 100 100 47 100 55 100 71 100 2 53 71 55 74 32 33 100 53 36 23 26 9 57 100 
56 30 70 12 43 95 76 19 2 69 17 10 46 40 11 96 21 26 31 93 100 89 12 52 91 92 35 33 37 38 31 49 88 65 31 13 59 85 68 80 55 25 60 100 35 22 98 1 62 4 74 100 76 54 6 100 81 88 89 0 50 87 100 100 100 17 48 100 100 100 100 100 
57 52 73 44 85 5 47 20 62 41 10 76 37 72 70 81 62 74 61 94 39 10 24 48 38 29 80 49 8 3 30 11 86 39 29 84 19 83 44 100 100 64 100 100 83 59 91 43 1 100 100 100 62 100 66 34 100 100 100 100 100 31 100 100 35 10 92 100 100 100 100 
68 52 62 47 42 93 5 74 89 21 51 63 97 33 2 4 82 28 25 73 41 3 86 77 90 8 88 99 29 14 98 1 46 50 69 76 95 58 66 36 100 21 94 43 31 79 10 19 17 97 21 44 56 100 3 81 100 60 63 100 100 100 100 35 54 100 100 100 67 100 
82 89 99 56 62 97 82 44 48 77 0 79 73 63 34 82 5 81 75 69 17 39 3 93 79 4 47 49 38 32 97 55 18 69 76 12 61 50 35 54 1 84 53 83 9 41 13 71 60 20 69 63 86 26 13 28 40 100 100 37 42 100 48 17 81 100 100 100 100 
60 36 17 84 69 29 91 9 68 62 17 41 59 83 26 21 21 47 79 46 36 8 41 10 55 82 64 21 12 82 77 12 6 82 98 99 61 59 75 84 61 11 83 49 7 69 0 31 74 16 61 22 59 53 82 74 80 69 48 46 18 92 76 82 31 35 44 69 
12 55 54 44 7 26 96 10 35 45 61 49 31 98 71 18 20 86 18 46 15 17 46 46 61 15 53 69 43 0 46 56 55 40 34 69 68 62 12 31 70 75 44 13 12 45 82 61 93 35 49 59 21 45 10 75 22 41 74 71 63 27 83 75 46 46 15 
38 86 48 0 52 46 74 64 3 61 73 55 17 18 40 18 15 88 14 13 20 65 2 99 43 1 29 23 69 28 54 22 43 69 53 8 45 45 7 21 95 78 36 68 94 27 53 41 1 5 76 26 18 49 84 75 91 25 34 95 84 24 57 60 32 67 
72 9 58 39 41 40 78 67 7 46 85 73 24 84 62 21 98 54 20 81 88 58 51 36 26 1 14 68 90 69 87 21 8 83 99 65 92 34 45 3 32 8 41 18 19 86 69 16 62 13 10 28 89 33 70 12 48 2 21 75 72 9 24 95 3 
32 73 46 12 97 91 33 6 5 16 44 14 90 49 43 60 88 55 13 96 68 51 98 49 95 52 71 11 17 28 36 18 74 40 98 20 93 10 51 25 95 34 79 59 33 17 93 98 85 22 19 26 32 77 33 92 23 46 59 99 1 64 35 37 
71 75 50 81 11 64 89 82 90 10 38 86 58 17 42 55 34 94 99 66 55 87 28 39 88 95 30 58 22 58 80 8 3 79 37 27 15 96 77 45 63 19 60 31 36 59 33 4 59 78 14 2 26 100 0 24 95 35 76 37 100 100 92 
24 34 83 8 61 74 17 68 25 39 18 56 69 58 62 95 68 83 31 44 80 68 49 49 14 39 16 71 3 88 89 41 73 54 35 33 73 0 47 49 95 36 68 78 49 39 71 82 17 41 74 83 12 35 58 30 99 46 15 74 35 54 
25 15 80 69 52 73 35 12 18 46 88 47 21 55 62 71 49 8 74 74 71 18 36 48 62 76 45 97 16 49 75 41 75 71 56 55 31 30 39 55 89 8 20 62 39 18 84 45 75 39 35 82 22 10 1 42 49 80 46 44 31 
44 44 17 8 68 71 51 35 74 24 52 84 69 15 73 21 8 74 82 82 8 59 53 44 70 71 86 55 61 36 31 31 15 3 55 31 64 80 84 36 21 92 68 61 82 44 69 58 74 52 0 49 62 36 63 71 39 46 31 31 
28 1 93 0 59 62 43 14 84 82 47 85 35 63 50 87 7 86 13 38 31 36 60 54 3 18 22 64 2 94 33 6 83 67 37 71 98 32 31 88 74 90 96 15 47 55 35 30 20 4 72 56 45 45 84 61 95 22 100 
46 79 16 81 45 42 52 15 89 32 82 7 72 66 1 83 30 60 89 9 49 84 10 6 46 12 100 47 14 43 89 49 27 26 62 70 74 100 50 68 39 92 62 13 100 0 77 100 100 100 65 48 82 88 93 86 100 100 
29 66 91 8 48 97 89 54 56 25 85 99 0 92 13 19 32 21 16 41 83 69 90 12 68 70 26 85 9 55 71 87 8 61 88 26 60 58 18 26 100 4 100 2 47 24 100 100 100 100 59 45 100 78 50 37 36 
9 42 21 65 97 83 15 28 64 50 54 51 40 18 4 72 5 71 41 87 75 19 36 15 58 91 30 3 47 41 100 100 54 86 66 16 100 15 17 99 1 100 100 100 55 100 100 57 100 84 35 46 100 100 56 100 
3 84 85 28 83 46 38 44 88 58 72 93 50 34 51 17 64 83 84 69 11 45 41 79 96 7 8 10 43 100 78 52 70 100 39 99 55 57 100 92 100 100 100 100 100 100 100 100 48 15 100 98 100 100 100 
39 64 79 61 39 88 66 11 77 57 14 24 7 40 87 62 49 67 58 9 0 39 43 54 19 80 44 83 82 51 12 93 92 1 20 31 99 38 8 27 65 88 6 61 0 63 21 17 55 94 14 49 47 86 
89 73 32 20 95 46 54 84 61 52 75 15 45 22 0 86 44 38 31 88 27 62 31 41 35 69 14 31 48 85 46 69 89 36 76 58 52 59 39 74 58 62 21 39 71 84 28 33 73 8 95 31 68 
4 68 22 49 51 29 57 27 96 86 75 8 63 77 59 1 12 37 52 49 23 88 74 96 32 44 2 63 46 100 98 30 13 39 87 25 38 30 41 3 21 35 100 5 80 31 49 72 76 15 17 7 
54 35 57 96 70 33 11 80 81 16 92 6 60 80 7 53 58 18 36 13 77 9 74 98 39 95 62 69 49 78 88 67 43 63 23 27 33 51 24 29 66 0 1 34 75 22 51 71 1 100 82 
57 75 43 39 46 55 83 43 73 43 58 22 34 35 77 84 92 51 95 45 82 68 95 28 62 39 93 49 18 43 82 1 69 46 59 31 68 52 8 10 21 82 89 41 14 54 69 55 8 21 
22 22 69 17 21 74 15 55 54 62 17 95 36 4 48 1 90 54 58 17 73 22 16 73 36 14 55 48 45 71 77 22 44 82 48 0 18 61 21 82 52 17 72 88 36 68 89 31 68 
16 81 91 76 5 85 65 97 33 26 35 93 69 99 31 58 19 94 90 23 89 59 9 89 36 22 72 66 4 8 13 53 51 50 98 47 98 43 67 26 40 53 43 5 37 10 14 76 
5 60 28 50 93 97 27 30 29 49 95 74 61 49 17 69 6 100 7 9 68 45 3 62 81 78 20 56 31 12 42 15 1 100 74 47 100 79 31 79 84 54 99 100 33 77 100 
6 16 10 76 40 86 27 24 21 33 44 1 0 43 94 30 47 78 45 74 23 29 0 53 52 61 90 10 86 63 2 0 47 65 84 18 97 91 48 59 12 65 9 42 82 100 
19 42 44 78 34 28 37 8 41 61 24 74 44 76 49 82 85 43 35 25 70 52 48 23 75 11 49 27 7 76 16 92 9 67 96 15 17 60 10 80 38 51 14 29 80 
26 14 93 9 47 78 54 68 82 86 75 69 29 13 23 5 30 36 64 81 12 91 1 82 93 59 71 4 38 24 48 54 98 90 62 34 92 55 84 63 100 56 3 100 
25 32 33 94 44 21 9 54 12 74 73 27 70 38 11 28 52 19 98 95 76 34 24 7 73 23 91 99 20 72 86 64 71 3 97 13 35 84 96 17 94 90 85 
22 87 34 67 82 91 84 26 48 43 60 46 66 19 29 74 49 20 84 77 63 94 95 43 14 32 30 64 88 92 65 56 69 2 37 82 53 27 45 72 71 1 
89 57 61 17 23 12 53 73 80 92 72 77 60 51 18 14 50 31 24 11 80 38 31 68 81 52 96 13 59 19 27 94 2 53 12 58 27 99 53 28 21 
18 76 73 85 84 63 59 12 65 90 61 51 4 59 56 35 95 36 3 78 43 0 2 86 24 39 100 91 8 23 100 21 78 89 46 77 100 28 45 23 
92 55 81 61 60 46 22 91 85 4 62 22 73 50 77 73 79 25 40 72 59 78 16 64 74 71 55 3 97 45 65 69 80 58 20 82 52 87 94 
55 3 75 20 39 22 33 53 84 42 56 80 47 66 17 40 27 79 30 8 15 73 6 87 92 67 91 50 35 21 51 95 0 25 36 32 39 4 
0 5 95 67 29 68 59 73 10 53 17 82 61 37 89 84 49 46 88 59 49 15 45 68 62 71 43 8 68 8 4 91 31 54 39 52 53 
82 87 39 12 25 63 6 10 76 89 79 19 52 94 51 89 77 22 55 67 45 92 69 31 20 4 56 5 57 95 71 16 42 96 98 39 
17 13 87 82 75 71 73 31 72 69 8 34 31 21 48 69 3 46 75 18 41 58 18 43 74 59 54 58 25 50 52 83 60 8 92 
39 75 96 56 93 94 23 43 33 38 74 18 7 44 79 17 4 32 77 67 26 13 52 72 2 70 27 83 35 51 66 57 64 80 
81 53 73 43 62 82 73 74 22 19 55 44 74 62 63 44 18 68 18 83 71 22 75 22 84 10 61 30 55 58 31 74 17 
53 45 52 35 62 9 43 54 1 82 12 84 89 2 61 18 41 54 84 90 17 10 12 95 15 70 26 48 75 0 89 58 
45 72 16 53 10 34 11 17 85 6 99 40 41 24 87 5 97 20 93 2 80 65 44 35 39 68 57 3 26 81 18 
33 32 11 75 66 23 75 20 21 65 2 62 83 15 10 76 34 42 57 48 16 26 50 15 52 39 90 56 64 58 
75 13 55 1 76 17 27 70 50 15 71 92 56 97 8 91 98 49 51 28 16 25 18 58 74 95 49 63 26 
0 41 86 99 75 17 93 72 79 71 70 6 88 56 26 28 27 34 38 58 64 68 55 14 2 65 38 31 
48 88 54 52 42 36 83 87 71 31 72 86 3 24 78 19 64 92 53 46 75 61 62 50 13 1 59 
45 71 92 58 0 89 44 6 68 36 80 18 21 84 68 21 89 49 8 77 65 62 53 44 36 95 
22 54 35 81 93 0 62 42 80 7 85 97 63 76 81 70 53 68 69 8 58 80 11 24 54 
45 33 90 52 97 80 49 60 57 63 5 27 56 46 84 10 72 44 74 13 94 12 83 28 
62 69 62 73 66 59 54 31 95 68 69 48 74 52 48 18 60 4 80 0 12 75 89 
29 95 92 83 66 71 65 78 11 37 26 47 99 87 16 83 75 97 28 84 7 72 
67 91 31 88 54 4 37 10 8 5 2 64 50 43 83 41 53 89 20 78 30 
57 83 25 51 91 98 76 11 13 63 6 32 87 74 21 3 35 68 100 70 
80 64 28 29 25 12 34 63 100 26 1 52 44 45 61 27 82 60 42 
95 12 0 18 17 18 83 95 8 59 58 91 70 44 44 53 18 0 
97 47 29 52 51 11 81 37 93 86 8 73 85 96 48 54 89 
50 68 1 57 94 9 27 19 74 49 48 43 11 40 51 14 
39 53 33 72 100 42 90 84 89 75 9 100 73 64 56 
4 66 42 28 90 11 19 44 0 17 79 93 86 65 
32 37 99 14 77 81 75 43 33 5 79 21 66 
73 38 22 99 36 12 53 6 56 73 5 17 
39 50 79 99 53 54 1 92 78 12 44 
59 3 7 8 18 54 65 25 67 69 
24 77 62 10 98 46 75 66 91 
9 75 48 37 30 28 23 51 
0 54 34 26 30 6 79 
35 82 59 43 95 53 
8 61 80 39 31 
21 23 70 87 
34 16 83 
99 76 
34 

