100 117
111 86 92 5 53 47 117 4 12 21 91 30 40 44 117 9 117 117 117 109 43 90 117 46 70 117 117 50 117 34 117 117 29 117 117 117 117 117 38 48 117 117 117 117 117 117 117 117 117 117 117 50 117 117 117 117 117 117 117 117 117 65 117 117 67 117 117 117 117 87 117 117 117 106 115 95 117 62 117 117 117 40 56 117 117 117 98 81 39 35 21 117 19 13 117 64 71 69 93 
99 45 44 82 41 4 85 117 78 104 117 117 117 117 20 117 38 115 55 117 80 1 117 117 117 117 117 117 67 117 81 117 117 49 35 117 117 117 117 117 117 117 98 117 117 117 117 117 117 117 67 117 117 117 117 117 117 117 117 117 117 89 117 117 26 117 117 7 117 117 117 117 46 6 112 113 117 16 36 117 57 117 63 117 110 37 114 15 117 46 34 117 88 117 27 94 8 107 
49 45 117 25 43 28 83 19 85 18 105 110 113 10 21 117 21 33 117 117 12 117 117 14 94 117 117 15 117 117 117 117 117 117 117 117 117 117 65 117 46 117 0 117 117 117 117 117 117 34 117 117 82 117 117 117 117 117 117 117 117 116 117 117 117 117 117 117 1 117 11 117 46 6 117 72 68 117 117 39 76 117 117 117 117 54 39 63 39 29 30 56 117 81 5 67 117 
0 87 76 18 117 34 73 60 81 115 35 43 117 117 62 39 36 78 68 117 117 117 72 117 117 59 117 58 108 117 117 117 117 117 117 117 117 117 117 67 15 117 117 117 117 117 117 117 98 117 117 117 57 117 66 117 25 117 117 117 117 117 117 117 117 97 117 117 117 117 31 95 112 117 110 117 117 117 6 117 117 117 48 117 95 6 117 11 103 29 63 117 46 117 102 31 
109 75 13 26 117 65 117 117 67 41 117 117 52 117 115 69 117 117 117 117 100 7 117 117 117 117 117 117 102 48 117 117 117 117 27 117 117 117 117 117 117 110 83 117 117 77 117 3 117 117 117 117 117 117 117 117 117 117 117 117 31 117 117 117 117 117 117 59 117 34 17 46 117 22 117 94 117 6 63 117 117 117 117 66 98 111 50 11 55 117 12 117 90 37 116 
117 107 117 72 102 36 103 96 85 114 117 30 117 95 117 117 10 117 117 117 117 117 84 25 46 52 117 77 117 117 117 17 34 37 117 117 117 111 11 117 117 117 61 117 116 117 15 117 117 117 117 117 117 117 117 117 117 117 117 117 117 117 117 117 117 117 117 117 47 46 96 117 117 117 117 117 40 117 117 99 104 117 113 50 54 21 117 33 81 117 41 14 78 67 
19 66 86 57 107 46 116 5 117 117 10 117 96 117 117 117 113 117 91 117 117 61 117 117 117 31 117 28 117 0 117 48 117 117 117 29 112 15 117 117 117 117 117 117 117 115 117 117 117 21 117 117 117 117 117 117 117 117 60 99 117 117 117 117 117 117 117 117 105 117 117 117 117 117 117 39 117 79 30 109 80 117 22 37 34 117 84 117 63 62 117 23 31 
72 99 1 108 109 2 93 58 117 117 117 98 70 117 38 73 110 117 117 46 51 117 117 16 117 117 23 117 68 117 117 117 117 117 117 117 117 117 117 117 117 54 117 117 8 117 117 117 117 117 117 117 117 117 117 117 117 3 35 117 32 37 117 117 117 117 39 57 11 117 117 117 117 24 67 117 117 117 88 36 74 98 117 67 117 117 89 117 117 34 95 47 
5 39 14 117 115 100 117 32 29 65 22 19 56 74 117 7 0 20 117 117 27 31 117 117 109 117 117 34 117 84 117 117 104 68 117 8 117 48 117 117 117 117 92 117 117 117 62 117 117 117 117 117 98 117 41 117 117 117 117 117 117 54 117 117 93 117 8 117 117 117 117 116 117 17 117 117 117 117 117 117 15 117 117 117 44 42 117 117 82 117 39 
24 4 92 3 117 90 69 117 20 42 117 6 117 88 117 117 117 58 0 101 112 117 117 117 117 16 117 110 117 117 117 76 67 40 8 117 117 117 117 117 117 117 98 95 117 117 117 117 117 117 41 117 117 61 117 117 1 117 117 117 117 117 117 117 115 42 117 117 117 26 117 32 105 117 37 117 117 117 117 111 40 40 117 87 117 13 117 117 113 116 
81 43 47 33 18 84 86 47 106 117 111 117 64 117 117 117 117 13 117 57 117 117 117 117 117 36 117 117 114 117 117 117 67 117 117 59 62 117 117 117 117 22 117 117 22 117 117 117 37 117 12 70 117 117 117 117 117 117 117 117 117 60 117 42 34 57 117 117 117 117 117 6 117 117 117 52 117 75 6 8 116 117 10 117 38 29 117 61 117 
117 98 117 94 53 99 117 42 117 76 55 117 92 88 117 117 117 64 50 117 8 117 117 115 117 117 117 117 41 59 117 39 117 17 117 117 117 117 117 117 112 117 117 117 117 117 117 117 117 117 117 117 117 117 117 117 117 117 117 117 117 80 117 117 67 117 95 117 2 50 2 117 26 117 117 117 117 106 27 116 69 117 84 3 45 117 93 57 
31 116 56 45 62 32 57 117 94 66 102 5 74 117 117 117 80 57 88 117 86 117 111 17 117 117 6 117 117 41 117 107 117 117 117 51 117 84 117 111 48 117 24 117 117 117 83 117 117 117 117 7 117 117 117 117 117 117 117 117 117 2 21 3 117 117 117 117 117 57 117 117 22 117 117 117 46 117 2 117 117 9 98 117 73 29 6 
3 98 42 22 40 17 107 105 46 11 115 111 98 105 47 40 47 112 57 21 93 47 8 57 117 21 95 117 106 112 51 112 116 117 98 40 117 3 50 34 116 105 40 117 105 46 39 117 31 117 6 57 21 95 46 117 2 5 98 93 85 20 41 50 117 67 112 117 35 105 39 96 17 96 21 104 34 97 22 107 98 95 57 8 117 52 
55 117 4 97 117 0 24 115 83 16 117 51 31 63 103 39 117 117 117 49 26 117 34 95 117 117 37 94 21 105 117 101 98 117 117 59 117 42 117 11 117 117 106 117 117 117 117 117 117 117 117 117 117 117 117 117 117 117 117 21 34 3 117 117 60 117 117 96 117 117 117 117 6 117 106 117 105 117 117 117 117 117 78 117 39 
64 91 112 106 35 9 39 89 25 75 86 42 117 57 21 96 53 23 33 71 117 117 117 102 61 117 117 21 117 117 108 104 117 117 117 117 6 117 117 117 117 117 117 117 117 117 117 117 117 117 117 117 117 29 47 117 117 117 98 22 117 117 117 117 73 117 21 2 87 117 78 117 117 47 117 11 117 117 117 117 117 117 117 117 
88 28 6 86 96 117 0 66 5 58 89 117 117 3 117 61 117 117 117 24 117 117 117 117 117 113 117 117 117 117 117 117 117 91 117 46 117 117 117 117 117 117 117 52 16 117 36 117 56 117 117 117 117 79 117 117 117 11 117 117 117 117 117 117 117 117 117 70 117 117 48 29 39 38 117 117 117 50 117 2 103 114 34 
84 115 53 44 27 72 57 73 19 36 100 83 40 117 117 35 59 74 117 105 117 117 117 106 76 98 117 117 102 117 48 117 117 90 117 117 117 117 117 117 117 117 117 117 117 77 18 117 117 117 117 117 117 117 117 98 107 98 42 117 117 117 117 117 7 117 117 117 117 117 31 42 117 117 117 117 61 117 117 117 117 46 
96 117 52 73 87 98 59 75 93 117 117 15 99 117 117 117 117 117 116 11 117 49 4 117 105 117 117 117 117 117 117 117 117 112 115 117 117 117 117 89 117 117 117 8 117 117 12 117 117 55 117 53 117 117 117 96 34 117 117 117 74 30 117 95 117 27 117 117 69 117 112 70 11 81 117 117 117 92 18 117 11 
6 47 96 95 22 106 8 2 105 2 10 67 117 15 107 107 107 46 6 11 39 11 67 102 30 117 111 8 2 34 117 57 63 3 8 95 117 50 117 117 46 117 57 117 40 117 98 117 2 117 117 117 93 117 16 78 58 31 117 39 117 112 4 17 117 3 117 116 50 55 117 104 57 117 117 39 117 96 117 13 
49 16 117 44 95 93 25 108 46 93 5 67 117 113 103 117 37 117 117 117 117 102 106 117 68 117 117 117 117 117 117 95 117 66 117 97 117 117 117 24 117 13 117 117 117 117 52 117 117 75 41 117 117 7 112 106 51 117 117 117 117 21 117 76 117 117 117 117 117 117 67 117 100 117 117 117 117 117 115 
86 77 109 31 103 60 37 117 3 19 39 73 41 117 99 62 117 117 97 117 117 42 106 117 117 108 92 117 79 117 117 117 117 115 117 117 117 117 59 117 117 117 117 64 117 117 117 117 117 117 117 117 105 117 2 117 117 117 117 117 117 117 117 117 117 117 117 40 117 117 117 117 117 117 117 117 30 21 
108 4 56 117 82 30 117 117 18 117 117 24 43 117 117 117 87 117 50 117 106 34 117 117 117 72 37 117 117 21 7 28 117 117 117 117 117 117 117 117 117 117 117 117 117 117 58 117 117 117 45 11 107 117 117 117 117 117 117 117 117 117 117 117 25 9 117 117 98 117 117 117 117 54 117 79 46 
54 9 69 79 116 33 35 117 17 58 14 8 117 117 15 117 53 117 117 22 21 117 117 117 117 117 117 117 47 91 117 117 117 117 117 117 117 117 117 117 10 117 117 117 117 117 117 117 117 117 117 106 117 117 117 117 117 85 31 28 117 117 24 117 117 50 117 117 117 37 117 23 117 117 117 96 
117 68 65 117 116 22 117 35 12 117 10 39 117 13 117 91 117 14 117 117 117 19 117 117 55 117 117 47 117 117 49 117 117 117 117 9 117 117 117 117 117 117 117 117 117 117 52 117 117 93 117 17 117 23 117 117 117 15 117 117 117 97 1 117 22 6 21 117 117 90 117 117 117 20 115 
71 117 64 117 117 117 114 117 94 89 83 117 117 60 26 117 117 3 39 86 69 117 58 102 117 44 117 117 117 117 79 117 28 117 117 117 117 76 117 117 117 117 117 117 117 117 117 117 21 40 117 117 80 117 117 117 34 117 117 117 117 117 117 117 117 117 117 117 25 20 38 117 117 17 
116 109 113 93 117 82 117 117 117 42 53 41 63 80 9 117 57 57 59 117 79 117 117 117 117 31 117 117 34 3 117 117 117 110 117 94 49 117 117 117 117 117 117 117 117 117 117 117 17 40 101 117 117 117 117 8 117 117 117 117 117 117 117 2 112 117 117 117 32 117 117 117 95 
99 117 21 53 117 32 9 40 117 51 78 72 101 117 18 40 31 5 117 100 117 117 117 117 96 117 45 117 117 111 117 117 117 117 117 117 117 117 117 112 117 117 117 117 117 117 117 11 15 117 117 117 20 117 6 88 117 117 95 117 117 8 117 112 117 61 117 117 84 117 117 11 
38 17 59 117 65 117 12 97 117 28 85 34 117 117 96 117 117 117 88 46 117 117 18 117 117 117 117 117 117 39 117 117 117 117 117 112 117 117 29 117 117 117 117 117 117 117 21 22 8 117 117 117 117 107 117 117 117 117 117 117 93 117 98 117 117 117 26 117 117 44 57 
34 14 55 51 81 73 56 108 117 84 70 117 19 17 11 24 112 41 117 61 60 117 6 117 117 117 117 117 32 63 117 117 117 117 117 117 117 117 117 117 117 117 117 117 117 105 96 117 117 66 117 117 42 117 117 117 117 30 117 112 117 117 117 117 117 117 117 117 117 105 
17 67 117 17 22 117 34 117 47 15 2 50 90 33 39 93 117 96 42 8 3 26 42 3 105 106 6 95 47 96 98 116 39 2 8 31 46 67 117 105 115 116 47 66 81 52 11 11 34 105 105 54 98 11 93 11 117 57 94 8 80 6 40 117 40 39 115 50 83 
38 70 21 82 117 4 113 26 36 10 91 11 50 54 117 7 43 117 2 117 117 117 117 12 117 117 97 117 117 56 117 117 117 117 117 117 117 117 117 117 15 117 11 93 117 117 117 33 117 90 34 117 117 117 117 117 117 98 117 112 74 117 117 117 100 117 117 98 
68 117 59 43 89 86 100 79 28 74 98 117 103 117 23 40 117 52 117 96 117 117 90 117 75 117 66 117 117 117 117 117 117 117 117 117 117 117 117 1 117 42 117 106 117 117 117 117 117 34 65 117 117 117 117 117 111 117 50 117 116 117 42 117 117 117 21 
87 117 117 82 110 64 117 117 79 21 95 20 103 49 62 57 19 117 22 117 117 75 38 117 117 117 117 117 117 117 113 117 117 117 117 117 117 117 25 85 111 6 117 117 117 117 117 99 112 117 117 117 117 117 117 117 117 117 114 117 117 117 76 117 117 115 
31 20 19 66 45 117 69 39 22 17 43 8 117 100 114 117 108 112 117 117 117 117 117 117 117 117 35 117 117 117 117 117 75 117 117 117 117 117 105 116 46 117 117 117 117 117 117 95 117 117 117 53 117 117 117 117 50 117 117 68 117 117 117 117 15 
65 35 36 51 19 117 7 95 117 117 9 42 117 76 117 117 117 117 117 117 117 117 104 117 117 85 117 117 45 117 88 117 56 117 117 117 117 117 6 22 50 117 117 117 117 29 8 117 117 117 70 117 117 117 97 117 117 46 117 117 117 117 117 22 
109 117 25 105 80 117 98 40 33 2 13 10 51 117 75 40 117 71 1 117 117 117 38 92 117 117 117 52 117 117 117 117 117 28 117 117 117 50 11 11 117 85 117 15 117 31 117 117 117 117 117 117 117 117 6 117 117 117 117 117 117 117 117 
61 94 117 38 16 93 95 72 117 93 78 117 43 117 117 117 117 117 66 92 42 104 117 117 117 117 117 25 67 99 117 63 101 68 117 117 117 115 34 117 117 71 117 117 2 117 117 117 117 117 117 112 117 117 117 117 117 117 117 107 117 105 
105 12 51 23 112 98 29 63 117 117 101 27 117 67 16 42 117 117 117 117 71 69 117 57 117 90 33 117 26 117 117 117 117 117 117 6 105 22 117 117 117 117 117 115 117 117 18 117 117 117 11 117 31 117 117 22 117 96 4 117 115 
117 91 24 40 34 117 117 44 117 2 117 33 42 117 5 71 108 13 7 10 117 117 117 117 117 117 117 117 117 117 57 117 117 117 22 117 116 117 117 117 117 117 15 117 21 117 117 117 117 105 117 117 117 117 117 117 117 98 117 40 
35 51 116 46 117 58 25 98 43 55 72 57 117 117 117 117 69 117 102 117 117 85 117 117 117 96 117 17 117 31 117 117 117 40 3 117 117 117 117 77 117 117 117 117 117 117 117 117 31 117 2 117 117 117 78 117 117 117 3 
57 107 98 85 117 92 70 41 20 71 15 73 117 26 53 94 24 117 21 117 117 117 117 117 117 117 117 117 77 61 63 117 117 11 3 114 117 117 117 117 40 117 117 117 117 117 117 117 117 117 117 117 117 117 117 117 117 95 
50 112 31 71 75 101 117 30 48 40 117 117 35 117 44 100 59 117 117 117 84 117 117 28 117 117 117 117 97 117 60 117 34 117 117 117 95 117 117 117 117 117 117 117 117 117 117 117 117 117 117 117 117 117 117 117 96 
35 106 6 111 21 115 6 117 80 2 50 39 31 107 95 22 96 117 6 8 11 116 112 15 50 116 117 50 95 17 53 88 92 117 115 116 3 42 79 98 115 3 47 116 40 58 31 99 95 116 34 31 3 117 117 45 
116 57 21 112 3 6 22 10 11 15 111 17 117 117 3 96 117 112 105 11 112 117 106 15 2 42 3 96 8 110 89 5 46 67 117 67 105 82 17 96 17 116 6 22 23 117 63 47 105 57 8 67 17 50 81 
87 117 104 109 49 81 2 97 73 53 117 117 88 117 117 117 30 117 107 117 117 56 12 117 32 117 75 117 117 50 57 77 117 117 117 117 117 117 117 16 117 117 67 117 117 117 90 117 117 117 117 117 117 117 
14 55 91 75 54 98 117 117 85 117 20 117 80 68 44 7 117 36 117 117 107 117 117 117 117 117 117 95 117 42 95 117 117 117 117 117 117 117 24 117 117 117 34 117 117 117 117 76 117 117 117 117 50 
64 53 95 117 31 27 68 36 117 117 33 117 117 115 117 1 32 54 117 117 117 73 55 117 117 117 6 117 117 117 61 117 117 117 8 117 117 117 101 117 117 117 117 117 109 117 117 117 117 117 117 67 
83 85 117 11 81 117 117 17 117 114 117 113 37 117 117 105 117 117 1 95 117 52 117 0 117 57 117 117 117 107 23 117 34 40 117 117 117 117 117 26 17 117 8 117 117 117 117 117 117 117 117 
23 30 106 75 15 3 112 81 38 117 90 18 117 117 117 117 117 67 5 117 117 45 117 117 117 39 117 117 117 93 117 117 6 117 100 117 56 117 117 116 117 117 117 117 117 117 117 117 117 17 
104 21 82 4 89 83 47 99 117 117 76 87 117 117 66 71 117 40 44 21 117 7 117 3 96 117 109 117 117 117 117 93 117 117 117 117 117 117 2 117 106 117 117 117 117 117 117 117 2 
106 20 117 14 7 91 62 43 117 110 117 86 60 21 117 45 117 32 9 117 117 117 40 15 117 16 117 117 27 117 39 117 117 117 117 117 117 111 117 93 77 117 117 0 117 87 117 105 
42 6 105 67 67 117 21 115 96 17 47 47 15 40 47 47 111 67 94 95 106 88 82 110 34 15 112 40 106 13 117 106 6 98 15 96 24 40 29 117 57 6 111 57 2 39 12 
114 64 52 28 4 12 74 31 56 0 117 117 117 90 70 84 117 117 117 54 2 117 21 69 117 24 117 117 57 60 41 26 117 50 117 117 117 117 8 117 117 117 117 117 117 111 
51 65 78 22 117 30 70 110 96 75 99 3 87 27 16 117 57 117 67 50 42 111 117 117 86 14 117 115 69 34 117 32 117 117 111 117 15 7 117 117 29 117 117 117 2 
42 11 107 70 117 117 60 68 117 80 117 117 117 117 117 48 102 50 17 46 117 18 117 117 117 117 93 117 117 117 117 117 117 107 117 116 117 117 117 117 117 117 117 96 
14 117 117 117 30 73 62 117 61 117 117 16 117 117 92 74 75 96 6 34 117 55 117 104 45 6 18 117 11 117 117 117 117 117 95 43 117 117 117 44 117 72 116 
25 77 76 2 22 117 117 88 103 0 117 4 117 42 54 117 93 31 67 74 117 27 117 117 11 117 65 60 117 117 96 21 117 117 117 117 117 58 117 117 19 39 
54 98 1 69 5 77 117 117 117 74 103 73 23 117 112 31 117 6 117 59 0 117 61 93 117 117 117 117 117 117 3 117 117 117 117 117 117 117 117 117 8 
57 49 52 23 117 39 110 84 117 69 65 3 85 64 96 40 105 27 20 9 117 117 31 117 117 117 117 117 117 34 117 117 33 117 117 117 117 117 117 42 
51 117 95 27 117 34 117 0 53 117 117 13 101 6 107 3 83 117 117 114 58 106 109 117 117 117 117 117 67 117 15 117 28 117 117 117 117 81 117 
111 103 13 10 90 48 4 117 15 117 101 117 34 117 50 72 117 94 9 117 39 87 97 117 117 14 117 67 117 17 117 117 117 117 117 59 117 106 
97 48 117 50 77 72 31 113 40 117 62 98 15 93 117 117 89 117 117 98 27 1 117 92 117 117 95 117 39 93 117 117 117 117 80 28 112 
25 117 9 104 14 108 37 117 117 87 15 105 95 32 117 88 109 117 50 66 110 78 117 117 72 95 117 42 92 117 117 74 117 117 117 47 
9 24 5 26 79 40 86 117 57 50 3 21 117 58 117 117 111 107 83 19 117 117 117 117 40 117 98 117 117 64 117 117 117 117 15 
74 117 45 57 86 95 117 97 57 107 6 55 82 117 29 73 42 38 117 68 0 94 16 117 42 96 117 117 117 96 117 117 117 116 
14 79 81 93 117 39 41 5 2 21 117 25 45 32 82 11 70 117 117 111 106 117 117 78 96 83 13 117 117 48 117 117 117 
91 49 117 103 113 117 3 94 117 9 34 20 44 19 96 89 117 108 117 43 117 67 64 6 117 117 117 117 117 117 117 117 
105 108 33 117 37 17 117 8 117 30 84 7 62 34 117 117 117 117 117 60 22 92 107 117 117 117 77 112 117 117 117 
27 101 91 55 98 21 117 1 77 61 117 117 117 117 45 17 71 82 117 34 117 2 18 62 117 102 117 117 117 117 
89 26 116 22 50 67 115 117 117 117 117 17 23 117 117 10 63 117 98 58 117 117 117 117 117 117 117 117 117 
84 91 116 17 107 60 53 2 75 114 22 117 112 117 117 117 44 8 117 22 30 117 82 117 117 28 117 67 
32 46 21 6 117 117 58 117 8 112 100 90 43 117 20 117 2 47 35 28 38 65 117 117 117 117 47 
31 6 34 110 117 109 19 100 2 33 71 51 117 17 103 98 117 15 117 117 47 117 117 117 117 106 
36 13 21 111 111 22 22 101 50 93 107 2 22 106 29 95 54 6 117 2 93 17 50 42 8 
109 57 105 93 31 98 64 6 21 116 42 57 3 113 39 62 96 115 95 22 42 31 15 32 
6 50 39 111 47 36 22 93 115 15 67 22 14 40 35 117 105 50 98 3 40 105 15 
71 43 68 63 67 117 30 90 76 29 87 31 117 6 117 117 117 10 117 117 65 46 
3 87 48 39 117 18 57 21 100 117 6 24 46 117 117 92 117 117 104 1 117 
117 117 116 78 117 77 38 117 117 8 80 96 117 117 85 117 117 117 117 115 
56 98 42 55 83 79 64 117 42 33 67 117 23 91 117 80 117 117 105 
6 101 96 49 117 117 71 47 13 106 23 103 117 1 79 109 117 31 
112 50 34 15 42 21 83 34 49 96 8 8 40 39 115 98 74 
114 15 117 34 108 46 115 57 117 104 102 117 105 1 117 15 
104 73 12 69 8 25 93 44 78 117 117 13 117 56 39 
112 105 53 107 55 67 72 12 62 50 4 117 117 106 
45 42 2 57 39 46 117 2 85 49 66 16 46 
101 6 74 117 54 3 117 62 9 65 60 40 
22 102 67 6 77 117 11 51 12 88 116 
107 102 67 47 67 117 99 34 117 68 
11 89 106 108 90 117 49 22 15 
98 2 115 115 42 93 3 66 
14 5 100 10 70 52 111 
39 89 36 21 70 15 
4 86 0 31 105 
114 36 76 107 
47 18 6 
106 11 
105 

