100 67
14 50 5 9 0 21 19 52 15 63 10 35 44 34 8 20 1 20 25 67 5 4 18 67 5 12 35 67 62 63 51 63 6 67 28 49 4 53 39 67 66 44 50 4 67 14 20 67 67 67 67 67 67 14 67 22 67 6 67 26 67 63 9 20 67 22 54 20 67 67 67 67 63 20 67 67 25 22 0 21 48 5 67 40 47 61 67 67 21 44 67 0 22 9 21 6 5 47 47 
45 67 7 58 67 21 5 9 67 31 67 15 1 5 61 37 12 41 38 67 67 4 24 67 9 67 67 20 59 67 67 27 5 67 67 49 6 67 67 28 67 67 67 67 67 67 67 67 67 67 67 67 67 67 67 67 67 67 22 67 67 67 67 67 67 1 67 67 67 67 65 53 67 43 40 67 30 67 67 50 67 36 50 67 6 67 62 67 35 67 67 67 60 23 46 20 11 47 
8 19 3 18 63 20 10 67 67 38 16 11 67 15 67 67 67 67 67 67 4 23 67 47 67 67 67 67 20 67 67 67 65 67 67 4 0 67 21 67 67 67 67 67 67 67 67 67 67 67 67 67 67 67 67 67 67 21 67 67 53 67 29 67 25 67 67 67 67 67 67 67 7 67 67 67 67 67 9 41 67 35 9 47 42 67 54 30 2 64 60 57 37 1 36 59 32 
67 67 19 1 47 63 67 33 67 67 9 50 67 18 67 67 62 67 16 44 67 2 67 56 67 11 48 67 24 67 22 67 67 30 44 67 67 35 67 67 67 67 67 67 67 67 41 67 67 17 67 67 67 67 67 39 10 67 67 67 67 40 61 1 67 67 67 67 67 67 67 67 67 67 67 36 67 49 35 67 28 0 44 67 67 59 42 12 13 32 67 58 7 67 67 67 
65 42 47 47 4 59 24 14 12 67 14 45 67 67 51 21 67 67 25 67 67 10 67 67 22 67 67 67 67 40 37 18 67 63 67 67 22 67 67 39 67 67 67 61 67 25 67 67 67 67 67 67 67 67 67 67 67 67 67 67 67 67 11 29 67 67 34 67 52 67 67 31 20 46 67 67 21 67 67 9 67 5 8 27 67 67 13 10 53 67 60 49 67 0 67 
26 21 14 50 2 56 48 66 6 25 57 63 28 67 67 39 67 14 67 67 22 41 36 47 54 25 67 32 67 67 67 67 20 11 67 14 67 67 67 67 67 67 67 67 67 67 67 67 67 67 67 67 67 37 28 67 67 67 67 67 67 22 67 67 67 67 67 67 67 40 67 43 67 67 67 35 47 7 14 67 35 53 67 38 67 67 62 67 67 64 18 35 42 19 
11 10 20 67 7 37 8 28 9 67 22 15 67 16 67 61 67 67 67 5 54 67 67 51 67 48 67 67 67 67 10 6 1 67 6 67 67 63 67 67 67 62 67 67 67 67 67 67 67 67 67 41 2 4 67 67 3 67 67 67 67 67 67 67 39 67 67 66 67 67 67 67 67 67 28 67 44 22 46 11 67 40 67 67 67 30 38 67 67 67 43 67 33 
33 51 11 35 4 6 36 63 4 20 28 10 47 50 10 28 44 21 62 21 4 43 1 37 35 14 49 4 25 11 46 65 35 12 22 67 5 50 0 14 67 67 10 1 67 28 63 21 6 11 67 25 64 67 0 67 67 35 67 34 25 0 6 5 11 35 35 67 10 50 1 67 67 2 20 67 23 9 52 67 28 11 47 22 20 47 14 21 67 47 5 67 
45 5 1 21 9 39 27 35 25 35 0 14 44 6 54 67 35 42 35 25 56 67 46 49 35 67 14 11 28 36 37 67 17 5 22 1 67 67 1 67 11 44 35 67 67 67 67 67 67 22 67 3 67 35 10 6 67 50 38 0 11 67 67 67 14 0 6 21 67 44 67 67 61 67 67 58 67 66 11 67 67 4 11 14 44 21 5 67 67 49 9 
14 20 1 9 43 18 20 49 4 35 67 50 6 39 18 21 7 49 9 13 28 55 20 1 28 10 22 50 37 8 28 30 49 5 44 67 67 50 67 22 67 22 67 67 67 50 67 67 49 6 42 67 67 67 67 47 67 48 20 28 25 0 0 67 20 67 67 20 25 67 67 60 9 67 59 63 56 67 6 44 11 21 51 67 67 67 10 35 10 4 
54 28 30 6 50 31 15 17 32 67 67 64 67 48 67 22 66 67 9 62 11 67 67 67 57 67 67 0 5 23 20 38 67 67 67 58 67 40 67 67 67 67 67 67 67 67 67 67 67 5 67 4 67 67 67 67 9 67 67 67 67 34 67 67 67 67 67 67 67 67 63 67 29 28 67 10 67 67 67 67 24 67 67 51 43 56 67 13 3 
16 1 28 28 8 32 26 67 46 37 67 0 15 48 11 18 12 21 67 49 19 39 67 67 64 67 44 56 67 1 67 67 67 67 67 67 67 67 67 67 65 67 67 67 67 67 67 67 14 67 67 67 38 67 67 14 67 67 67 67 67 67 67 67 67 13 67 62 67 50 67 67 44 23 37 67 67 67 0 67 67 67 67 67 41 67 67 42 
34 50 6 67 40 43 33 67 32 58 28 49 67 22 67 63 1 3 67 67 26 30 67 67 67 10 11 67 63 67 67 67 46 67 67 67 67 67 67 67 19 67 67 11 47 67 67 28 39 67 67 67 67 67 10 67 67 67 67 67 67 67 67 67 67 23 67 67 0 59 52 0 67 25 67 29 67 44 67 67 67 67 67 67 67 67 27 
49 50 64 0 55 10 45 40 54 20 67 41 1 67 67 47 2 47 67 67 67 42 67 67 0 0 67 1 67 67 61 67 67 67 67 67 67 67 67 67 62 67 67 67 67 67 10 67 67 24 67 67 67 4 67 67 67 67 67 67 67 67 67 23 67 67 67 0 67 67 1 67 0 67 33 9 48 67 67 4 27 59 17 46 31 67 
2 0 50 28 0 49 6 22 60 67 49 38 35 21 20 1 42 21 20 21 47 4 50 27 46 50 32 5 28 25 28 22 49 49 21 67 67 67 47 25 14 5 10 28 20 53 5 28 4 67 67 14 66 25 0 67 10 35 22 67 30 1 11 14 21 44 41 47 51 45 0 13 67 22 49 14 28 1 9 67 67 14 11 49 21 
28 49 9 50 14 9 63 15 4 35 57 67 22 53 1 24 28 50 5 67 1 20 62 59 47 34 10 14 67 28 28 25 63 67 1 9 67 67 35 67 35 9 47 67 30 50 67 21 67 6 67 65 47 67 67 67 67 67 20 67 21 67 9 44 0 33 10 11 52 4 58 67 28 1 11 20 21 14 49 11 1 44 47 9 
67 51 52 66 29 44 63 17 67 6 33 65 4 43 63 67 67 54 30 67 67 9 67 7 50 67 32 67 67 67 67 67 67 67 46 67 67 67 67 67 67 67 67 6 67 67 67 67 67 67 11 67 67 67 67 67 67 67 67 67 67 67 67 67 47 18 24 63 67 25 67 67 67 67 67 53 67 67 67 67 21 26 67 
61 24 43 67 25 49 13 29 50 3 67 14 56 20 36 67 23 67 45 41 14 22 67 10 67 67 67 67 44 67 67 5 67 67 67 67 67 67 67 67 7 67 9 30 67 67 67 67 67 4 67 67 67 67 67 67 67 67 67 67 8 67 67 10 67 17 67 54 9 67 67 67 67 67 67 67 55 67 60 67 67 67 
27 2 47 53 6 67 67 55 67 37 6 67 50 67 67 67 36 16 31 21 14 67 28 67 67 67 67 67 67 67 67 42 67 67 67 67 67 67 67 67 67 9 67 67 67 67 67 67 20 67 67 67 67 46 67 39 67 67 54 67 67 67 14 67 67 49 67 20 41 67 67 7 65 60 67 67 67 33 63 56 67 
37 57 67 10 67 67 21 23 29 4 53 14 18 67 8 7 31 67 50 22 67 21 63 34 12 60 67 67 67 67 0 67 67 16 67 67 67 67 67 67 25 67 67 67 67 67 67 21 67 67 67 67 44 67 67 67 19 67 62 67 67 1 67 67 6 67 35 67 67 67 43 67 67 67 67 2 67 67 67 65 
51 31 5 67 52 1 67 26 14 32 63 67 67 17 19 67 67 63 50 22 35 67 67 67 67 67 67 67 67 67 67 67 67 4 15 67 67 67 67 67 67 67 67 67 67 67 67 67 67 67 67 67 67 67 67 67 55 67 67 67 67 67 67 21 27 9 67 67 67 67 67 34 67 67 36 23 7 48 44 
13 35 45 67 44 28 60 25 7 35 41 52 15 67 67 59 67 6 67 44 62 65 18 67 67 8 67 67 67 67 55 67 67 67 67 67 67 67 28 67 67 23 67 67 67 67 67 67 67 31 67 67 67 67 67 67 67 67 61 47 67 67 67 67 44 67 67 67 66 3 67 63 67 67 67 16 67 56 
28 65 67 67 67 49 50 26 25 30 43 48 67 67 3 6 67 52 67 42 67 67 59 67 67 67 24 67 55 38 67 67 17 67 32 67 67 35 7 67 67 67 67 67 67 67 67 67 67 67 19 67 67 33 67 67 67 67 67 67 67 22 67 67 67 67 67 67 67 67 67 67 67 67 67 67 60 
1 14 19 21 21 33 44 2 44 47 5 47 22 4 17 12 1 16 9 28 1 67 9 44 6 20 47 44 67 67 20 1 67 20 25 1 45 25 1 67 67 67 67 3 67 11 14 10 9 0 50 20 21 67 21 67 25 8 67 28 24 25 64 67 67 63 47 22 11 67 47 63 67 14 0 67 
58 20 59 67 21 39 10 67 67 67 38 67 26 25 67 12 9 3 62 29 67 67 67 67 6 67 52 67 67 67 67 67 67 67 67 44 56 67 67 67 63 57 67 61 67 67 67 67 67 4 67 36 34 67 67 67 28 67 21 67 67 9 67 67 67 67 67 14 67 67 67 67 67 37 67 
49 25 38 25 0 28 67 64 45 3 13 51 14 20 36 67 67 7 67 67 54 67 16 23 8 67 18 67 67 46 67 67 67 67 1 67 67 67 67 67 67 22 67 67 33 67 67 67 67 12 67 67 67 67 67 49 67 67 50 56 14 67 67 67 39 67 67 67 67 67 67 67 67 61 
9 6 40 67 13 22 10 35 44 21 50 33 55 5 25 20 21 1 14 0 20 11 67 0 35 44 67 6 50 22 63 50 0 14 50 1 0 20 28 67 59 1 9 14 67 1 22 20 14 14 0 11 28 67 31 50 67 34 5 36 21 47 67 11 9 9 22 10 35 35 1 35 50 
62 6 58 0 50 7 24 67 42 37 35 11 17 67 45 67 55 67 67 27 67 67 51 67 67 67 67 67 67 40 67 67 9 67 67 67 67 30 67 67 67 67 67 52 67 32 67 67 67 67 36 67 67 67 67 67 67 26 10 67 67 67 67 49 67 67 67 67 67 67 67 67 
11 66 4 13 67 67 31 5 47 6 0 56 67 67 67 67 20 67 33 67 67 16 42 67 9 67 59 67 17 67 23 67 67 45 67 67 67 67 20 67 67 67 67 67 67 67 67 67 67 67 67 67 47 67 67 22 67 44 67 67 67 18 67 67 67 67 67 67 27 67 24 
11 61 22 63 4 9 30 10 16 54 10 26 21 28 47 9 4 1 22 4 67 1 67 50 20 67 35 14 28 28 38 4 11 67 50 22 9 41 25 25 67 1 47 0 20 50 35 67 67 67 67 46 1 6 57 63 55 1 25 67 10 28 6 0 67 49 1 14 67 28 
20 67 67 67 23 52 22 50 50 67 20 65 67 67 36 67 67 67 67 19 67 30 15 67 67 67 67 37 67 5 67 60 67 67 67 67 67 67 67 67 67 67 67 67 67 67 67 67 67 67 67 67 67 11 67 44 67 67 67 67 41 67 67 67 67 67 67 57 67 
1 1 0 35 25 20 29 43 47 27 49 0 10 67 22 1 14 1 63 10 67 11 5 44 22 9 22 67 60 14 67 47 67 25 67 52 28 25 67 49 4 50 67 0 35 21 67 67 35 3 0 67 38 22 31 67 67 9 47 44 10 47 67 47 67 47 44 67 
53 52 67 27 67 6 20 67 11 15 67 1 67 67 67 67 33 67 61 67 35 67 32 67 46 67 12 47 66 67 67 67 67 40 1 51 67 67 67 67 67 58 67 67 67 67 67 67 67 31 67 67 16 67 67 67 67 67 67 67 67 67 67 67 4 67 67 
59 67 55 17 47 25 65 67 54 15 13 67 2 23 31 19 67 67 67 24 67 67 18 56 67 67 4 67 67 5 67 67 67 6 67 67 16 14 67 67 67 33 67 67 67 67 67 6 67 67 4 67 14 67 67 67 67 63 67 67 67 67 67 67 67 67 
49 43 65 47 49 67 50 67 2 67 67 42 29 38 58 44 67 61 67 67 39 67 67 67 67 5 41 67 67 67 67 67 67 67 67 7 67 67 67 67 67 67 67 67 67 67 0 67 67 6 67 49 67 67 67 67 67 55 33 67 67 67 67 67 67 
61 67 20 25 64 1 13 12 67 62 35 67 67 67 17 67 45 5 67 67 67 67 67 67 10 29 67 67 67 51 67 67 67 67 67 25 67 67 67 67 67 67 67 21 67 67 67 67 67 67 50 67 67 67 67 67 67 67 67 67 67 67 67 15 
58 11 9 67 47 67 67 67 34 46 67 17 67 63 67 40 67 26 67 67 44 56 53 63 15 67 67 67 67 67 67 67 67 67 60 67 67 67 67 67 67 67 37 67 6 67 67 67 67 25 67 67 67 67 67 67 67 67 67 67 67 67 67 
9 14 57 11 56 18 43 21 67 15 19 67 67 62 64 67 67 67 39 67 67 67 6 67 67 67 33 67 67 14 52 67 67 44 67 67 67 67 67 67 67 67 67 63 67 67 63 67 44 67 67 67 67 67 67 67 67 67 67 67 67 67 
57 50 61 5 22 9 47 49 25 22 4 6 25 67 67 67 67 67 67 11 1 10 50 6 49 44 67 1 55 5 6 5 6 9 6 50 63 9 28 35 50 67 59 67 37 39 1 42 5 5 47 20 0 25 9 67 25 25 6 67 49 
1 48 5 25 44 28 49 28 47 28 5 20 5 4 22 50 14 25 67 4 29 67 11 67 5 6 67 23 67 35 35 1 67 44 67 67 14 67 67 67 67 24 50 35 13 11 51 67 14 22 67 54 11 11 67 0 67 9 21 63 
63 0 31 66 3 60 67 54 67 45 67 34 67 67 53 8 67 67 67 11 67 67 59 19 67 13 67 67 67 67 67 67 67 67 29 67 67 67 67 67 20 67 67 67 67 63 67 35 67 27 67 67 67 67 67 67 67 55 67 
25 49 0 50 28 9 67 44 58 35 14 67 46 11 67 6 4 49 24 47 67 67 4 67 67 56 20 28 67 35 28 5 44 67 22 67 63 28 67 15 67 67 3 10 41 67 67 67 11 4 9 67 44 67 67 44 67 67 
67 40 12 67 24 39 67 67 48 67 37 46 67 27 67 8 60 10 67 67 30 67 19 67 67 67 53 67 67 67 67 67 34 67 67 67 67 67 25 67 67 47 67 10 67 17 67 67 67 67 67 67 67 67 67 67 67 
38 43 30 48 36 3 40 59 67 45 17 55 67 67 52 41 22 67 67 67 67 57 67 6 67 67 67 67 22 67 67 67 67 67 67 26 67 5 61 67 67 67 6 67 67 67 67 11 67 67 67 67 67 67 67 67 
7 27 9 20 30 53 28 32 67 67 67 67 67 19 67 14 67 67 67 31 67 8 50 36 3 6 67 67 67 67 67 67 67 67 67 67 28 67 67 67 67 6 67 67 67 67 67 67 67 67 67 2 67 67 67 
18 37 41 67 54 29 16 61 67 40 65 26 35 67 50 19 67 67 56 67 67 63 67 51 17 67 67 67 10 11 67 67 67 67 13 9 67 67 35 67 0 67 67 67 67 67 67 67 67 67 67 67 67 67 
4 33 62 31 15 67 38 67 12 28 29 67 67 49 36 67 64 67 53 32 67 67 26 65 67 57 3 67 67 67 67 67 67 8 5 67 67 4 67 67 67 67 67 67 67 67 37 67 67 67 66 67 67 
60 65 52 66 67 10 64 2 44 53 67 3 47 57 51 67 17 67 67 10 18 67 67 67 26 67 19 41 7 67 67 67 67 67 67 67 67 67 67 67 67 67 67 67 67 67 67 67 67 67 67 67 
48 67 12 67 30 67 65 15 64 18 32 67 67 55 67 63 24 34 9 67 67 67 67 67 67 67 67 67 67 67 45 67 67 67 8 5 67 67 67 67 67 67 67 67 67 67 67 67 67 67 67 
67 0 47 57 67 34 56 67 43 51 21 67 67 67 67 8 67 5 67 12 67 67 67 37 67 45 67 2 67 32 36 14 67 67 67 67 44 67 67 67 17 55 67 67 67 67 67 67 67 67 
39 37 67 30 60 7 67 67 57 67 32 67 67 23 56 67 10 67 67 67 67 67 26 67 67 67 46 67 67 67 56 67 67 67 67 67 67 67 67 67 67 67 36 43 67 67 67 67 67 
2 51 21 67 67 54 67 67 50 13 64 67 3 18 67 67 67 67 67 53 67 67 67 67 67 67 67 67 67 67 67 67 67 67 1 33 67 67 67 67 26 31 67 67 67 67 67 57 
67 13 28 67 27 54 67 22 67 67 31 67 23 49 67 67 33 46 15 29 14 67 67 67 41 67 60 67 67 67 48 67 67 67 67 67 50 67 67 67 67 36 67 26 67 6 67 
67 48 67 18 67 27 49 42 31 12 2 55 67 6 67 67 8 43 67 67 67 67 3 67 29 67 67 67 67 67 67 67 67 67 67 67 67 67 67 14 67 67 39 67 67 67 
67 43 52 58 67 14 12 16 67 32 42 19 50 27 34 18 41 11 67 67 67 9 67 54 40 66 14 67 67 67 67 5 67 67 67 31 67 67 67 67 67 67 67 67 2 
5 10 45 67 63 67 36 67 67 61 67 5 67 27 67 54 67 67 67 67 67 67 67 67 67 21 67 11 11 67 9 67 52 42 67 67 67 7 67 29 58 64 67 67 
41 40 38 47 58 67 66 26 59 54 5 53 16 67 67 67 67 64 42 17 35 67 67 46 67 32 33 67 67 25 55 67 67 67 67 67 67 34 67 67 67 67 67 
66 67 14 48 13 62 67 67 67 35 67 8 38 67 61 60 67 67 67 59 67 67 67 5 67 39 67 67 25 67 67 67 67 67 43 67 67 67 67 67 67 67 
29 14 38 49 6 57 17 2 58 34 9 26 67 30 67 23 67 67 67 67 64 67 67 62 67 67 67 67 67 67 67 67 67 67 67 67 67 67 67 67 67 
50 67 26 67 34 67 25 44 19 31 67 65 4 67 43 63 28 36 67 67 67 35 67 67 47 67 67 67 67 67 67 67 67 67 66 22 67 67 67 67 
0 50 0 47 6 0 40 4 21 44 14 35 50 9 28 35 20 35 67 6 47 1 67 43 22 12 0 9 0 0 67 6 22 4 14 67 20 22 20 
24 2 11 45 46 5 35 10 67 61 67 51 67 67 67 67 67 67 67 0 67 67 67 67 67 65 31 67 67 67 67 67 67 67 52 67 67 67 
57 62 41 58 11 67 7 67 67 12 40 67 27 67 56 67 67 17 21 34 67 67 39 35 15 67 67 67 67 67 67 23 67 67 67 2 67 
40 36 45 67 32 58 56 17 67 67 8 67 50 25 13 67 67 67 67 42 50 43 5 67 10 51 67 67 67 67 67 67 67 60 67 67 
16 55 9 37 67 60 58 67 30 67 67 67 47 64 67 67 67 67 67 0 42 67 67 67 67 67 67 67 61 24 67 51 67 67 67 
12 67 7 67 22 21 67 65 46 67 67 67 26 67 67 11 67 13 67 67 20 67 67 67 67 67 67 67 67 67 67 67 67 67 
20 67 62 48 0 33 67 67 28 67 27 67 23 3 67 51 66 49 67 55 36 67 60 67 67 67 67 4 67 67 67 67 67 
50 20 4 49 0 6 28 25 6 35 21 4 63 64 14 4 16 1 8 67 0 35 21 20 10 20 5 20 35 63 14 50 
66 54 67 63 67 42 38 15 67 45 8 58 35 5 64 22 67 47 48 2 67 67 67 59 25 67 67 67 67 67 67 
15 4 19 57 59 67 67 6 18 67 29 54 67 35 67 67 11 67 60 67 67 67 67 17 2 67 63 67 67 67 
67 62 67 34 67 67 29 27 66 42 21 45 67 0 61 50 67 67 3 67 67 39 12 67 67 67 67 67 67 
59 22 67 67 67 33 67 57 67 44 42 12 67 67 35 66 67 16 67 67 67 11 38 67 67 32 67 67 
35 41 64 52 16 2 5 39 0 67 67 28 55 5 45 66 58 67 7 67 67 67 48 67 67 67 67 
67 10 24 67 67 28 33 21 56 67 22 64 6 18 67 67 55 66 67 48 16 13 67 23 39 67 
16 38 5 56 30 6 22 67 40 11 67 14 67 67 67 67 53 17 67 67 24 67 45 67 13 
51 32 67 58 52 25 54 37 9 57 67 24 3 67 67 8 67 67 67 67 53 67 67 66 
18 37 65 64 63 57 67 48 30 10 12 58 8 45 67 67 67 67 67 48 67 67 23 
3 67 24 21 63 26 10 67 67 67 67 39 67 40 67 67 67 67 57 67 67 67 
61 48 9 43 67 25 67 44 31 51 32 67 67 67 55 28 67 67 57 67 67 
38 1 10 67 28 67 67 35 55 13 67 47 2 59 41 16 67 34 67 17 
9 55 19 4 51 14 34 67 31 40 27 67 54 67 67 67 10 67 67 
11 49 7 63 27 28 0 20 9 4 1 35 22 20 10 47 63 4 
67 20 7 47 52 16 24 64 67 67 67 58 53 38 67 21 67 
25 59 67 0 30 43 53 15 67 51 31 67 67 67 32 67 
28 53 10 9 21 21 20 49 47 20 49 44 20 4 44 
14 38 67 65 67 67 33 67 67 31 35 67 19 67 
6 0 1 21 47 28 47 28 28 49 67 44 9 
63 23 46 62 27 58 67 67 67 54 60 29 
53 13 57 28 67 56 39 11 67 7 37 
14 26 67 67 67 67 19 41 34 67 
67 32 2 26 15 36 24 65 16 
45 56 29 67 67 52 23 48 
46 52 3 29 12 67 58 
8 42 67 62 24 67 
40 59 67 67 18 
34 19 67 6 
15 61 30 
29 67 
46 

