100 100
58 5 50 82 7 72 52 51 100 42 100 70 100 20 100 100 100 13 43 47 100 100 3 68 100 100 100 18 48 100 15 100 95 100 100 0 100 100 100 100 46 33 100 100 100 100 100 100 97 100 100 100 100 100 32 66 100 100 89 100 100 100 100 100 100 100 100 100 54 100 44 100 100 100 100 100 100 100 63 100 45 100 81 100 100 100 100 64 100 23 37 65 74 1 100 71 26 30 69 
71 100 5 43 49 22 100 2 15 7 68 100 57 60 48 100 9 100 86 100 46 77 100 100 100 98 72 100 100 69 64 100 53 100 15 91 14 21 100 100 30 100 100 100 100 100 100 43 100 100 100 27 100 100 100 100 100 100 100 100 100 100 92 100 100 100 100 100 100 100 100 100 10 95 100 100 100 20 100 75 100 12 100 34 1 100 48 100 42 84 100 63 11 26 100 36 75 94 
11 29 79 67 89 97 100 59 99 14 53 100 100 82 46 93 100 13 100 75 55 6 100 100 100 100 50 94 75 62 100 100 28 100 65 100 100 100 100 30 100 100 100 100 100 100 48 100 100 100 100 100 100 100 100 100 100 100 63 100 100 20 100 100 100 100 100 100 100 100 100 56 10 57 58 100 100 100 48 77 100 100 42 100 100 100 47 54 100 100 73 91 96 68 100 43 8 
25 15 52 60 54 74 6 30 100 56 97 100 77 39 100 98 100 100 72 100 100 22 99 100 100 64 100 42 18 100 100 100 15 100 76 100 100 100 40 100 96 100 100 100 100 45 100 100 55 100 100 48 100 100 100 100 100 100 100 100 100 100 100 100 65 100 100 24 100 100 1 100 100 3 51 100 100 91 100 100 100 78 100 31 100 100 21 70 58 100 9 100 29 46 7 100 
42 100 71 34 91 100 100 90 100 100 93 100 73 100 17 7 60 55 65 98 100 59 56 48 15 100 69 40 100 20 100 47 100 19 100 100 13 100 100 100 100 100 100 100 64 100 100 100 100 100 100 100 100 100 100 100 100 100 100 100 100 8 100 100 100 100 100 86 100 100 11 100 100 100 100 100 64 27 100 100 46 32 92 64 100 87 100 100 100 10 52 74 88 18 99 
79 15 70 8 82 64 70 72 85 64 5 50 57 50 100 64 1 48 70 40 18 50 83 37 48 18 60 69 75 7 97 15 50 55 100 43 80 8 91 85 40 55 82 10 43 55 82 46 46 62 100 100 45 69 85 69 64 97 100 5 100 55 82 50 48 40 100 18 70 33 40 46 100 100 100 27 30 100 18 69 26 43 32 40 79 18 18 47 100 7 97 55 58 7 
12 19 8 71 100 100 25 31 90 100 100 81 61 100 13 47 100 100 100 11 100 100 46 100 100 55 100 100 100 97 41 27 100 100 23 33 100 100 100 100 100 100 15 100 100 100 100 100 100 100 100 100 87 100 100 100 100 100 100 100 100 100 100 100 39 100 100 35 29 100 100 100 100 100 64 100 36 63 75 85 65 26 100 1 79 100 100 59 98 80 100 57 14 
56 19 51 37 100 100 100 17 99 64 83 100 34 100 7 53 67 88 100 100 100 100 100 46 100 100 100 100 70 100 25 100 100 100 100 84 100 100 100 100 100 40 100 100 100 100 100 100 100 100 100 100 100 100 100 32 100 100 16 100 100 100 100 100 100 100 100 36 66 100 90 73 44 40 100 100 100 100 35 54 72 76 18 98 77 100 69 63 100 100 50 100 
95 88 11 22 71 44 28 100 24 100 29 9 100 100 100 100 100 60 45 43 100 100 50 57 100 100 35 47 61 100 89 100 100 45 100 87 100 72 100 100 42 100 78 100 100 68 100 100 100 100 100 100 100 100 100 100 100 100 100 100 100 100 100 100 100 100 100 100 100 100 100 100 79 49 100 84 25 100 100 100 94 100 13 100 86 100 3 32 100 5 41 
32 51 52 68 56 18 90 36 28 100 16 40 62 49 100 98 100 94 33 40 100 45 100 100 44 100 62 100 100 100 100 100 64 100 100 86 100 100 100 26 100 100 100 100 100 100 100 100 100 100 100 100 83 100 100 22 100 100 100 73 100 100 100 100 76 100 23 100 100 100 100 42 100 100 100 100 100 25 55 38 100 78 100 17 31 100 14 67 97 100 
29 72 77 95 100 45 100 73 56 26 100 64 7 100 100 100 100 0 30 78 97 48 33 28 100 75 3 100 100 100 100 46 98 100 100 100 100 100 30 100 100 100 100 100 100 47 100 100 100 22 100 100 100 100 75 38 100 100 100 100 100 100 100 100 100 100 11 100 100 100 70 61 100 100 100 100 100 42 100 85 100 100 92 83 1 100 54 97 39 
16 81 100 31 96 74 67 77 100 1 79 84 56 53 68 87 7 69 100 42 85 2 100 6 7 100 100 34 100 100 64 100 95 100 100 4 100 7 100 100 100 100 100 100 100 100 100 100 75 61 100 100 100 100 100 100 100 100 100 100 100 100 100 52 100 100 100 65 100 8 100 28 79 100 100 21 46 100 100 22 49 100 18 0 100 100 8 100 
1 59 10 3 100 100 27 45 80 48 100 65 100 63 100 42 42 91 18 48 62 100 100 57 99 100 51 100 8 18 100 100 100 100 9 89 26 100 86 38 100 100 100 100 100 100 100 17 77 100 100 48 100 100 100 100 100 100 100 100 100 64 100 79 100 100 100 100 85 100 88 100 100 100 100 100 100 61 94 100 100 13 37 100 28 70 100 
41 35 30 54 48 97 92 64 100 4 88 74 6 24 100 100 45 79 30 100 100 2 91 100 100 100 100 100 100 86 34 61 100 100 100 100 100 100 100 100 100 100 100 100 100 85 100 100 100 44 100 100 100 100 100 100 100 100 43 100 100 100 100 100 100 100 100 70 100 73 67 29 89 100 100 100 100 100 20 10 84 100 76 100 7 100 
68 100 100 66 75 52 100 50 32 19 26 27 39 100 79 84 47 0 49 100 100 64 100 100 55 100 100 100 100 100 11 87 100 100 100 24 100 100 100 100 100 100 100 100 100 100 23 100 100 100 100 60 100 100 100 63 100 100 100 100 100 100 100 100 100 100 47 100 100 100 100 2 100 100 100 100 67 35 58 100 43 73 38 48 4 
12 26 37 42 19 70 97 78 34 66 100 100 0 45 100 100 75 63 74 50 8 100 53 100 100 100 100 80 100 100 22 100 100 42 100 100 100 100 100 100 100 100 100 100 7 100 100 100 100 100 100 100 100 100 79 100 100 100 9 76 100 100 100 100 100 48 100 100 100 100 23 6 0 100 100 77 13 62 100 100 51 100 26 100 
95 85 70 37 100 79 19 100 52 55 100 82 43 68 75 100 94 56 60 57 100 100 100 16 89 42 78 100 100 100 41 59 46 100 100 100 100 100 100 21 100 100 100 51 100 34 100 100 100 100 100 100 100 100 100 100 100 100 100 100 36 100 100 100 33 100 100 100 100 100 100 79 93 32 100 100 5 100 100 84 100 100 50 
4 2 50 30 43 42 81 45 58 100 85 18 77 15 70 100 10 68 43 15 100 8 22 100 40 100 100 100 13 100 100 8 100 100 100 47 100 100 94 100 100 100 100 100 100 100 100 100 98 100 100 100 100 100 100 100 100 100 100 100 100 100 100 0 100 100 14 86 100 100 72 100 100 83 6 100 100 41 27 100 0 25 
14 44 100 18 100 20 68 87 99 75 57 39 64 46 100 100 100 15 100 100 100 0 100 91 100 100 100 3 86 100 15 100 100 100 100 100 100 100 100 100 71 100 100 100 100 100 100 100 100 70 100 100 100 100 49 100 100 100 100 100 100 100 46 100 100 88 53 100 100 50 100 100 59 100 36 95 45 100 21 26 100 
18 36 70 47 100 24 100 100 85 26 28 100 33 13 52 31 50 12 10 11 73 81 55 100 100 100 100 100 100 57 100 35 87 100 100 100 100 100 100 100 100 100 100 100 100 100 6 100 100 100 100 78 100 100 100 100 100 100 100 100 100 8 100 100 100 100 57 100 85 100 96 100 100 1 100 100 100 63 42 65 
53 85 100 31 14 49 100 30 100 54 100 26 100 51 4 55 74 100 100 88 100 97 100 80 36 81 38 100 100 100 24 100 100 100 100 100 100 75 100 100 100 100 100 100 100 100 100 100 100 100 100 100 93 100 61 100 100 65 100 100 48 100 100 100 100 100 100 100 100 100 100 100 100 100 100 100 57 91 42 
85 51 27 54 74 66 30 85 23 45 57 100 22 18 100 100 31 61 100 33 97 82 100 10 92 100 100 47 100 100 100 100 100 100 24 100 100 100 100 14 100 25 46 100 100 83 100 100 86 100 100 100 100 100 100 100 100 95 100 18 100 100 100 100 100 100 91 3 100 100 100 100 2 20 100 100 72 28 
62 55 50 72 45 93 59 85 68 34 43 100 100 27 7 50 43 40 0 39 69 62 47 64 46 40 94 43 62 57 100 100 50 69 82 18 97 69 70 15 30 57 70 62 97 64 97 100 91 100 85 47 47 46 50 100 97 100 44 100 47 48 70 100 100 52 18 82 15 72 46 50 57 100 91 2 100 
74 37 100 10 7 48 18 85 82 38 9 58 43 100 100 20 99 100 70 100 100 39 100 26 100 48 75 100 100 100 100 100 100 100 100 100 100 100 100 50 100 100 100 100 100 100 100 100 100 61 100 100 98 100 100 100 100 8 6 2 100 100 100 100 62 100 100 41 100 100 29 100 100 80 18 100 
25 4 29 85 46 95 30 85 100 100 73 30 100 100 28 52 86 79 66 100 100 16 100 100 100 100 100 100 100 43 100 100 100 100 2 45 96 100 100 100 100 100 100 100 79 100 100 100 100 94 58 100 100 100 100 33 97 100 100 100 76 100 100 5 100 100 100 100 100 7 100 100 100 75 100 
35 46 15 5 90 72 40 56 32 17 85 20 55 31 100 93 33 100 100 100 100 100 100 7 100 100 100 63 100 100 83 96 81 100 100 100 100 100 100 100 100 100 100 100 1 100 100 100 100 100 100 100 11 100 100 57 100 100 100 100 100 100 100 100 62 100 100 100 100 100 100 12 50 100 
100 57 91 41 82 97 43 66 67 47 100 100 100 3 76 47 100 64 100 100 90 12 40 100 100 100 100 100 29 100 100 30 100 100 100 100 100 100 100 100 100 100 100 100 100 100 100 70 100 100 24 100 100 100 48 100 100 100 100 100 100 5 100 94 100 100 100 100 100 52 25 30 38 
15 57 38 26 57 3 21 82 43 100 83 79 23 63 0 17 100 100 27 100 71 42 100 30 100 100 100 100 100 9 74 100 100 72 100 100 100 100 100 100 100 100 100 6 100 100 100 100 100 100 100 100 100 97 100 100 55 100 100 100 75 100 90 100 47 100 100 62 100 100 64 100 
63 69 76 59 40 43 40 38 64 69 43 79 43 3 91 43 57 72 18 62 71 15 40 91 64 42 69 100 100 47 43 45 100 72 85 33 43 7 82 40 47 7 100 100 42 91 100 8 43 26 50 47 41 100 100 40 100 45 100 96 70 8 55 100 100 40 100 50 55 22 72 
42 88 9 79 43 0 95 55 50 7 97 42 94 62 42 7 42 0 64 81 42 75 97 40 46 50 30 5 43 50 97 100 33 85 45 33 18 79 100 82 100 100 48 97 72 30 8 40 100 62 18 99 48 42 26 45 30 48 61 100 79 18 64 100 33 79 100 48 17 15 
5 43 76 34 53 33 100 63 1 80 88 91 100 100 19 100 66 57 55 3 100 100 100 100 100 73 100 100 47 100 100 67 100 100 100 100 100 100 100 100 100 100 100 100 100 100 100 100 100 65 72 100 100 100 100 100 100 0 100 100 100 100 100 100 100 100 100 100 52 
40 18 33 62 65 100 50 82 97 55 90 79 16 100 7 55 82 36 33 42 80 43 26 70 46 72 70 40 26 7 55 85 97 72 70 91 55 0 82 57 45 18 5 48 42 100 23 7 100 72 70 82 100 45 45 100 2 100 91 33 7 100 100 0 100 100 53 45 
57 97 40 21 33 47 5 69 5 20 64 91 62 15 50 40 22 72 100 82 26 18 100 42 79 75 26 5 100 100 79 8 82 5 85 79 79 100 91 82 100 48 0 100 50 70 23 40 39 100 100 40 100 79 47 13 42 85 5 69 100 46 75 47 18 92 0 
1 51 47 68 52 100 19 61 45 65 36 96 100 12 100 47 100 75 100 32 89 28 100 100 100 59 100 88 7 100 100 100 0 100 100 100 100 100 100 100 100 100 100 100 100 100 100 70 100 100 100 100 79 100 85 100 100 47 100 4 100 17 100 100 18 100 
100 15 84 100 64 36 39 70 90 16 100 100 100 100 8 15 19 42 100 100 13 72 100 89 99 100 100 100 100 100 100 100 100 100 41 100 61 100 55 100 100 100 100 100 88 100 62 100 100 100 100 100 100 100 100 100 100 38 100 100 100 100 100 97 3 
63 100 7 23 76 100 85 64 25 100 100 100 16 4 29 100 100 38 100 34 75 91 100 14 100 100 100 100 100 32 21 10 100 100 100 100 100 100 100 100 100 100 100 74 20 55 100 100 100 100 100 100 100 100 100 100 100 100 100 99 100 100 30 100 
75 64 85 50 43 92 8 55 50 48 64 5 8 85 62 72 33 40 26 75 26 100 70 100 100 97 62 91 30 100 70 100 91 70 100 69 47 45 30 26 45 46 46 91 93 100 57 8 55 82 42 24 43 62 48 48 100 70 46 45 100 67 50 
16 94 60 96 0 100 86 100 100 100 36 82 80 8 100 10 90 49 92 100 73 100 62 31 100 100 100 100 100 100 100 88 100 100 59 100 100 100 100 100 66 100 100 43 100 100 100 100 100 53 33 56 100 100 100 100 100 46 11 100 100 100 
49 2 41 45 100 35 34 4 42 22 48 100 28 79 100 29 37 93 100 100 61 100 100 100 100 100 100 100 6 100 100 100 100 100 100 100 100 100 100 44 100 67 5 58 100 100 100 100 100 85 100 100 100 56 100 100 100 100 100 18 100 
27 37 69 68 92 40 93 91 4 91 39 100 99 81 100 100 18 100 87 100 80 100 73 100 100 100 33 100 15 100 100 100 100 100 100 100 100 100 100 100 100 85 100 52 100 100 100 100 62 100 100 100 100 100 100 100 100 100 5 100 
21 0 29 10 49 65 35 1 55 86 38 100 34 100 100 100 100 100 100 90 81 42 100 100 100 100 100 67 37 31 100 83 100 100 100 100 100 100 100 100 72 100 100 100 100 100 100 8 100 17 100 100 100 100 100 100 97 100 100 
42 51 45 68 31 74 77 40 54 100 27 100 100 100 25 15 35 100 66 11 100 100 100 44 100 4 100 100 100 100 100 32 100 100 100 100 60 100 100 8 100 100 100 100 100 100 0 100 100 100 100 100 100 100 100 100 69 100 
97 69 57 30 46 85 88 45 82 97 33 69 91 42 79 30 50 64 85 100 100 69 79 40 70 100 75 15 64 30 33 15 48 45 72 8 33 62 74 26 100 100 85 5 8 71 82 70 64 43 57 48 91 100 62 24 47 
28 81 6 85 20 15 79 100 60 35 25 100 100 56 100 100 95 83 100 100 3 100 100 96 100 100 100 100 100 100 100 9 61 100 100 100 93 75 89 100 100 100 100 100 82 100 100 100 100 100 100 2 77 100 43 100 
17 66 71 38 33 78 31 76 100 100 94 100 100 63 19 65 100 100 14 100 100 49 55 41 100 100 100 100 100 2 100 100 100 100 100 7 100 100 100 81 100 100 13 100 100 100 100 100 100 100 100 100 100 0 100 
100 84 24 18 30 87 100 78 20 21 100 92 54 100 77 41 100 100 100 51 79 100 48 100 100 100 73 45 100 100 100 72 100 100 100 47 90 100 13 100 100 100 50 100 100 100 25 100 100 100 100 95 100 100 
25 9 33 68 94 24 73 59 98 100 5 100 35 69 100 49 96 100 41 100 39 100 100 100 100 100 100 100 100 100 100 100 21 100 15 100 100 100 100 100 100 79 53 56 100 100 100 100 100 100 100 100 100 
14 55 87 96 93 89 100 10 15 100 37 100 100 100 100 13 27 100 36 100 88 34 100 63 100 100 100 100 100 100 100 80 79 18 83 100 100 100 100 100 85 100 100 19 100 100 100 100 100 100 70 100 
43 32 83 53 76 17 54 81 100 88 8 100 100 100 100 30 67 80 87 13 100 100 100 100 100 100 100 100 100 55 27 100 82 100 100 100 100 44 100 100 100 60 100 100 100 100 100 100 100 26 100 
70 45 46 26 46 7 57 64 50 0 26 26 5 47 26 100 7 62 47 43 100 97 97 40 70 55 75 40 82 72 15 21 42 70 79 69 100 55 89 33 8 100 45 47 33 48 100 85 60 8 
17 40 51 100 18 60 100 12 100 6 93 10 84 25 100 100 100 100 82 76 65 100 100 100 100 100 100 100 14 100 50 8 100 100 83 100 100 97 100 100 100 100 100 100 100 100 100 33 100 
16 69 92 53 80 51 100 100 100 100 48 58 7 88 11 36 100 39 100 10 100 57 100 100 100 12 100 100 59 75 34 100 100 100 100 100 47 100 100 100 100 100 100 100 100 100 15 100 
61 58 39 1 50 100 4 86 22 81 36 88 97 100 43 100 100 66 100 28 100 54 78 100 30 100 100 2 85 44 100 100 100 100 100 82 100 100 100 37 100 100 100 100 100 57 100 
42 15 99 12 19 100 23 18 45 65 100 92 62 100 100 57 0 52 3 100 100 75 9 6 100 7 100 26 100 100 100 100 100 100 47 100 100 100 100 100 100 100 100 100 82 100 
82 65 84 80 66 9 54 71 94 39 78 100 56 6 100 77 74 100 100 27 100 31 100 100 44 100 50 53 100 28 100 100 100 47 7 46 87 100 100 100 100 100 100 48 100 
100 100 3 72 16 65 14 70 12 11 100 100 26 100 100 100 71 100 60 17 100 100 27 100 6 100 80 100 100 100 100 100 8 35 100 100 100 100 100 100 96 100 46 100 
100 36 29 20 49 12 97 67 100 61 33 100 100 56 100 100 63 87 100 55 59 100 100 100 5 100 100 100 100 100 37 100 100 100 100 100 100 8 100 100 100 97 100 
40 13 2 76 89 49 100 95 71 21 100 90 57 16 7 74 19 73 28 69 100 48 68 100 100 100 36 100 58 100 47 83 100 100 43 100 100 100 41 100 40 100 
51 61 13 1 17 29 96 100 100 100 100 100 15 48 53 34 100 100 100 100 100 92 79 79 100 100 100 100 32 42 100 100 100 16 100 100 38 72 100 100 100 
84 100 100 31 11 74 75 77 17 100 100 68 39 91 100 100 100 100 92 41 100 50 100 100 100 100 100 76 43 100 100 100 100 100 100 100 28 100 30 100 
82 40 93 18 100 87 100 100 94 47 100 100 100 14 100 100 100 100 100 54 47 100 100 100 100 19 100 50 67 100 100 100 89 100 100 100 100 48 100 
100 59 53 87 67 100 100 52 30 70 100 97 100 100 100 90 68 100 64 100 12 100 100 100 100 100 100 100 84 100 100 100 58 78 100 100 8 100 
74 58 84 100 86 36 100 20 92 23 11 100 19 99 100 6 57 100 30 100 35 93 100 100 100 100 100 100 100 100 51 100 100 100 100 0 100 
79 100 100 69 89 11 38 1 100 90 92 100 78 100 100 100 100 55 100 100 10 100 26 100 48 61 100 100 100 100 23 100 100 98 42 100 
38 44 28 100 42 23 2 94 24 100 100 85 47 43 100 100 91 81 100 100 100 100 100 100 100 66 100 100 100 100 100 100 100 15 22 
23 12 19 4 24 34 62 1 71 66 40 100 77 54 25 0 100 100 100 100 100 100 0 100 100 100 100 100 100 100 100 100 55 100 
100 93 29 19 97 35 59 32 100 100 22 63 100 100 62 100 100 3 92 100 100 82 100 100 100 100 15 100 84 100 100 82 12 
54 49 2 29 31 100 37 90 100 53 81 100 47 0 41 99 72 100 100 8 100 100 100 50 100 100 16 100 100 100 100 100 
62 45 58 60 31 100 92 4 23 3 71 100 100 38 34 100 9 42 100 100 82 25 44 100 98 49 100 30 100 85 100 
18 100 99 16 100 60 21 14 31 100 55 100 9 13 100 35 67 77 48 100 100 100 100 100 100 66 100 100 69 100 
9 98 84 100 100 22 39 49 100 100 64 13 75 100 14 99 91 100 4 100 100 28 81 100 5 100 100 48 100 
100 99 98 100 20 71 95 100 96 42 100 100 100 17 100 82 30 100 83 100 100 32 100 100 36 50 7 100 
95 6 16 100 100 1 22 78 70 68 27 51 87 100 14 46 88 100 72 76 90 100 100 100 100 33 100 
0 26 44 10 94 9 12 18 76 98 100 37 46 100 70 100 100 100 15 100 100 100 100 100 79 100 
43 100 96 29 59 58 0 100 100 23 97 100 100 57 80 100 100 100 100 100 100 100 7 64 57 
84 21 18 6 23 45 2 100 37 98 62 100 72 44 100 100 94 100 97 100 100 100 100 100 
32 86 35 100 18 87 37 58 71 15 24 85 89 100 100 100 29 100 100 33 74 26 5 
87 86 89 5 40 56 100 66 100 78 57 100 100 0 48 83 100 44 20 49 45 100 
100 4 100 100 20 35 67 34 50 45 45 100 100 100 39 100 100 54 78 70 98 
100 18 29 100 52 100 4 26 8 100 79 100 93 100 100 100 100 100 5 32 
97 100 21 100 100 41 86 85 24 100 66 95 100 37 75 90 100 100 100 
7 62 45 33 16 75 95 55 40 7 33 46 47 42 46 8 6 100 
93 100 22 43 100 7 19 100 56 52 91 100 73 100 100 42 100 
83 5 14 72 43 71 3 55 84 85 53 51 45 31 100 1 
62 17 49 30 73 99 8 0 41 75 80 12 19 40 9 
96 85 18 100 12 93 39 100 3 100 21 11 62 58 
95 97 100 80 38 18 25 100 12 100 39 70 0 
15 16 2 18 59 9 28 100 100 56 57 100 
30 100 45 48 75 45 48 26 69 35 79 
98 14 64 11 70 60 17 96 100 20 
73 24 82 77 100 67 44 26 78 
89 21 100 100 23 60 64 100 
54 4 86 44 100 72 83 
78 27 59 100 8 49 
22 42 100 50 24 
100 77 42 16 
100 55 81 
79 76 
82 

