100 200
200 184 200 126 40 69 200 85 183 187 200 200 2 200 155 188 126 29 25 98 200 136 102 67 200 200 200 200 74 56 122 200 200 8 200 200 200 200 32 200 200 200 200 200 200 200 200 20 200 162 200 200 200 81 200 200 200 200 200 46 200 200 200 200 200 200 200 200 13 200 200 200 41 200 102 200 80 200 178 35 200 154 16 26 0 70 31 137 200 141 200 28 27 200 52 148 200 5 16 
25 77 167 32 200 81 176 37 200 136 161 68 39 176 200 105 26 122 26 200 85 200 200 17 126 154 16 33 126 200 97 181 200 20 200 200 176 59 200 25 200 68 113 200 200 200 200 200 153 192 32 200 106 200 200 136 102 86 200 27 200 79 200 17 200 181 200 200 200 200 200 46 60 142 200 200 200 200 200 166 200 196 112 124 46 200 81 200 62 200 68 126 17 200 198 44 39 18 
200 78 137 191 149 182 54 200 200 105 200 9 168 174 68 183 0 200 157 200 39 180 200 178 200 200 200 200 200 190 124 200 200 200 200 200 200 111 139 200 20 126 200 200 127 106 200 200 200 200 200 200 200 200 200 200 166 16 200 200 200 166 43 200 200 200 175 200 200 200 200 200 136 77 81 181 200 200 144 200 166 200 200 200 200 91 83 101 200 200 200 7 11 189 104 200 16 
200 200 2 196 200 150 200 27 156 34 200 158 154 13 200 200 59 162 200 176 200 175 200 25 200 106 200 200 200 29 71 200 168 200 200 17 200 200 200 200 200 200 130 200 200 200 200 200 200 200 200 200 200 200 200 60 26 62 200 200 176 200 200 200 200 1 200 137 18 45 131 20 200 200 24 54 200 200 200 13 39 90 200 53 116 199 139 200 200 118 200 73 200 200 151 81 
62 32 166 16 78 25 102 20 102 26 77 161 1 60 25 62 153 31 125 13 190 68 51 181 116 200 95 200 200 46 153 130 200 32 55 200 190 198 200 86 25 200 44 148 200 200 200 136 200 200 130 26 200 200 84 28 200 200 193 175 200 200 200 200 200 200 200 200 200 200 139 200 68 62 200 200 200 81 39 189 200 200 166 200 200 176 74 200 25 198 166 181 81 198 200 
126 78 111 89 16 93 200 147 144 33 200 153 171 200 200 200 124 68 200 51 199 39 37 161 200 74 17 200 200 200 200 200 76 136 200 106 200 200 200 200 200 200 200 200 200 124 200 200 60 23 200 200 200 200 200 200 200 200 26 200 200 200 200 125 200 200 200 200 200 161 200 200 110 25 67 200 200 77 136 146 200 75 200 32 138 105 13 200 0 200 1 139 200 60 
192 143 144 40 185 200 32 193 200 200 13 30 186 182 62 200 200 11 13 49 200 132 176 1 200 44 200 200 200 200 200 200 46 200 200 200 200 200 200 166 200 200 141 200 200 200 200 200 200 200 145 200 200 200 176 200 200 102 200 200 155 200 200 200 200 173 53 200 200 77 200 200 200 200 197 38 200 60 200 15 200 200 200 134 42 162 21 26 60 170 122 35 102 
17 7 150 200 184 124 6 200 104 17 88 200 2 66 200 126 200 85 5 200 146 200 159 200 16 200 200 200 200 200 200 200 200 200 200 200 200 200 200 200 122 200 200 200 200 200 200 200 94 200 200 200 200 200 103 25 136 200 200 79 99 200 35 200 200 200 200 200 200 62 69 200 108 200 200 37 77 40 200 128 200 77 200 200 48 105 185 113 200 200 141 44 
64 59 177 67 81 170 200 155 200 178 200 200 169 200 60 72 200 0 200 200 200 142 200 68 200 50 200 32 200 139 200 200 200 200 200 200 200 200 195 200 200 34 200 200 200 74 200 200 200 200 200 200 77 200 200 124 200 200 71 200 200 200 200 200 200 200 176 74 200 103 200 200 200 29 200 200 19 11 46 57 200 151 200 200 200 166 140 22 101 200 153 
101 102 28 152 200 200 142 122 87 187 200 132 200 25 200 200 200 16 168 130 77 200 200 200 200 200 171 200 200 68 200 200 200 200 200 200 200 200 20 200 200 200 146 200 32 200 23 200 200 78 68 176 200 190 106 200 200 200 200 200 200 200 31 200 200 20 200 200 200 151 200 200 157 60 200 109 81 200 200 200 59 47 112 200 200 158 180 200 200 176 
3 185 35 42 39 167 20 200 200 200 82 200 200 104 200 200 200 200 17 33 200 13 175 191 200 200 169 200 200 200 117 200 47 200 200 200 200 200 200 200 124 54 200 176 200 200 200 200 17 74 200 200 190 74 200 200 103 200 200 200 200 200 200 200 74 200 200 200 200 200 200 200 81 200 200 65 120 189 200 200 9 83 173 200 172 168 27 4 106 
65 184 51 97 60 122 120 200 200 13 161 124 126 22 83 44 91 200 95 176 181 200 68 200 200 168 11 200 200 200 171 200 200 200 130 200 200 139 200 200 200 200 200 200 200 200 193 200 200 200 200 200 200 200 200 15 200 200 200 200 200 67 130 78 200 200 200 200 70 200 119 200 200 200 131 200 200 200 200 12 200 47 200 200 200 66 72 60 
85 4 20 200 77 153 84 54 57 136 198 112 104 200 200 200 161 200 200 200 189 129 200 119 200 200 200 200 86 200 200 119 200 190 200 200 200 23 200 89 133 200 39 200 200 200 200 200 200 178 200 200 200 200 92 80 200 200 200 200 200 200 200 122 200 200 200 200 98 113 200 166 63 200 200 200 91 200 200 200 200 115 200 200 200 183 106 
200 118 185 161 200 67 9 183 106 200 46 76 200 198 95 74 89 130 200 156 106 200 56 200 200 200 200 200 200 93 200 200 200 200 136 182 200 200 200 200 37 200 200 200 200 200 200 200 200 166 200 200 200 200 200 200 200 3 200 6 200 130 200 200 200 158 200 52 200 81 68 200 200 200 132 200 200 200 99 200 78 200 121 181 31 166 
80 125 74 84 200 57 93 200 20 12 200 152 60 200 200 200 32 102 200 200 200 187 108 200 81 153 200 200 41 200 200 200 158 200 200 200 136 200 200 200 200 200 200 97 200 200 17 200 126 200 200 200 200 200 200 200 200 200 154 200 44 153 52 200 200 200 200 200 200 77 200 200 200 100 200 200 86 195 200 30 176 61 200 60 20 
16 200 92 3 127 152 106 198 89 159 191 68 104 26 200 200 124 200 200 135 200 200 200 26 140 21 200 200 77 109 39 200 200 200 200 200 200 200 200 12 200 196 200 200 200 32 200 200 200 200 200 200 200 200 200 133 200 200 200 200 200 200 200 200 178 199 200 200 200 200 200 64 200 100 200 200 110 36 200 144 200 35 138 68 
126 200 95 200 123 37 32 94 196 99 190 200 68 135 26 181 186 200 200 200 106 197 200 24 198 200 193 78 200 200 200 200 200 65 200 200 200 200 200 200 200 200 200 200 198 200 46 161 200 200 200 200 200 200 200 200 200 200 181 200 200 200 30 200 10 200 190 153 200 200 200 200 168 200 200 5 200 200 7 101 194 200 106 
200 20 74 74 45 123 77 198 60 200 17 31 200 80 194 25 200 136 200 200 122 75 200 153 124 62 175 200 180 200 182 200 16 200 200 200 167 200 130 136 200 152 200 87 106 200 147 181 126 126 16 200 200 200 200 200 200 200 72 200 200 200 200 200 62 145 120 44 200 46 68 62 25 200 200 200 39 200 200 200 200 100 
82 86 56 181 17 108 163 15 46 113 102 60 124 200 169 24 147 117 200 200 200 65 157 200 200 60 200 200 200 200 200 200 81 200 200 136 200 200 28 160 200 200 200 200 200 62 200 200 151 200 200 200 200 200 200 200 200 200 200 200 200 200 200 200 62 136 119 172 166 200 146 49 200 200 200 200 42 200 200 200 200 
165 156 181 166 62 151 176 153 33 198 200 102 60 200 41 200 137 200 200 46 154 200 200 200 161 65 200 199 200 200 200 200 200 200 200 200 200 200 200 200 200 200 88 200 77 200 200 200 200 200 200 200 200 85 200 200 17 200 200 200 10 103 200 102 181 49 200 59 200 200 123 200 200 129 200 200 140 200 200 74 
197 60 20 200 117 114 13 103 26 79 16 78 44 21 166 129 111 65 200 200 200 200 200 60 200 190 172 176 132 200 39 154 88 200 200 95 200 200 200 37 200 200 200 200 200 200 200 200 200 200 200 200 200 200 200 200 200 200 200 200 200 200 200 37 200 200 200 200 200 84 94 200 200 116 183 149 200 200 200 
25 46 92 200 58 200 11 37 200 153 74 83 200 43 200 200 200 58 200 28 200 200 200 69 200 7 62 78 200 68 111 200 46 200 200 200 200 200 200 200 173 126 74 200 200 200 200 200 200 200 200 200 53 200 102 200 49 200 200 200 200 200 16 200 200 200 200 200 99 200 200 200 200 200 200 42 51 32 
186 176 32 44 138 124 142 181 145 34 200 60 124 78 13 20 163 46 200 200 16 177 122 64 17 14 200 181 88 200 39 104 176 200 161 200 200 90 200 200 200 6 200 198 200 200 200 200 32 176 161 200 200 200 126 74 200 200 200 32 165 200 200 200 130 200 46 200 32 200 16 200 68 17 106 200 127 
200 16 156 50 176 22 26 72 200 13 32 200 200 68 122 89 68 200 87 200 2 200 49 200 55 200 200 169 130 200 6 200 37 200 200 200 82 150 198 97 54 200 46 200 200 200 200 200 200 200 200 200 200 200 200 200 200 16 62 178 128 200 200 200 200 200 200 190 200 106 200 200 106 44 200 117 
189 71 124 200 74 93 153 200 200 152 168 122 35 184 13 200 103 45 200 200 167 26 200 46 200 200 32 200 200 200 200 200 200 200 17 200 200 200 153 200 188 200 200 200 200 97 160 200 200 200 200 106 200 200 200 186 200 200 81 200 200 145 200 200 200 200 200 200 200 200 200 200 200 200 102 
55 198 96 153 200 176 200 111 123 200 12 49 200 200 200 200 152 200 17 36 122 200 68 200 200 44 177 200 44 200 200 200 200 200 77 200 145 200 26 200 200 200 200 200 200 120 200 200 200 200 200 200 200 200 200 200 200 200 46 200 200 92 200 200 187 53 173 200 200 37 200 200 200 78 
181 32 107 30 190 106 119 117 193 200 97 140 200 200 163 200 81 200 200 200 162 200 200 200 200 113 200 198 188 200 200 200 153 200 200 200 200 78 148 200 200 200 200 200 200 200 200 200 200 200 200 200 200 200 200 96 200 200 200 200 200 200 200 200 200 200 200 200 200 200 200 69 102 
13 52 78 104 136 32 25 81 106 200 77 2 153 166 190 198 22 176 160 102 200 130 200 64 181 200 200 77 161 200 37 165 200 200 102 200 71 74 200 200 153 200 200 77 200 200 200 200 146 74 200 200 130 200 26 200 200 106 200 126 200 200 200 13 200 46 181 32 200 200 200 70 
102 31 60 26 145 134 22 45 8 12 200 112 200 200 99 16 199 130 200 200 3 200 78 200 200 200 200 186 200 200 200 200 136 200 39 200 200 200 200 200 200 200 165 200 200 200 200 200 190 200 200 200 200 200 200 181 200 200 200 200 200 200 200 7 157 200 200 200 200 200 200 
44 187 57 68 46 122 74 44 16 11 200 78 200 44 84 77 163 153 200 44 25 98 16 200 141 37 200 60 25 200 129 200 106 200 41 46 200 198 32 102 200 200 200 190 200 200 132 200 200 200 200 200 166 200 9 200 200 200 60 200 106 126 200 200 200 200 200 176 200 8 
190 16 22 200 9 200 99 148 181 157 200 64 200 68 91 126 3 37 200 200 200 200 80 200 18 200 200 200 200 74 200 200 60 200 200 200 186 104 43 200 200 7 200 200 200 200 200 200 200 200 200 200 62 200 70 200 200 200 200 200 200 200 200 63 200 200 200 200 136 
4 16 190 181 37 25 200 97 13 13 198 200 127 200 42 13 98 161 78 121 200 200 152 200 200 13 124 12 200 142 60 200 50 200 200 26 74 124 136 77 200 200 161 108 114 200 200 87 60 200 44 177 23 200 200 200 200 200 200 181 200 78 200 200 153 200 200 200 
106 32 78 161 166 200 199 32 153 106 20 119 200 50 77 21 20 77 174 200 124 200 60 122 17 126 132 178 200 200 87 144 25 200 200 200 200 126 200 62 13 32 10 56 102 200 200 200 200 25 200 200 200 200 200 200 200 200 126 200 200 200 200 200 200 200 52 
9 35 116 200 82 126 147 48 192 200 13 14 200 94 200 200 41 32 135 36 74 200 200 200 200 181 181 190 200 200 46 200 200 200 200 200 200 200 89 200 200 122 190 200 200 200 200 200 200 200 200 200 200 200 200 200 55 200 40 200 123 200 200 200 200 60 
95 15 114 195 122 164 200 55 88 44 72 200 46 200 200 200 25 200 200 153 200 138 200 200 200 200 16 200 200 46 19 200 200 200 200 200 200 200 184 159 37 136 200 200 200 64 200 200 176 200 200 200 200 200 200 200 200 200 200 101 200 200 149 200 200 
113 153 134 122 200 90 0 199 161 82 32 200 190 200 19 37 63 91 176 80 200 200 200 78 200 200 133 200 62 200 200 200 200 200 200 200 200 200 200 200 176 29 200 200 200 61 200 200 200 200 200 30 200 200 200 150 200 200 45 200 157 200 200 77 
189 112 190 91 55 118 92 39 126 200 200 124 82 200 181 71 115 200 200 52 200 200 200 17 44 68 200 200 200 200 200 200 200 200 200 200 200 141 198 200 200 200 200 200 200 200 200 200 200 200 200 200 200 200 134 200 200 200 200 200 200 200 200 
53 25 105 1 65 90 39 51 200 142 68 179 188 44 109 175 153 110 40 200 200 200 200 122 194 25 102 200 200 200 200 200 123 200 200 113 154 20 200 200 200 200 151 200 200 200 200 200 200 88 200 200 200 200 200 200 200 200 200 200 200 32 
198 4 9 200 18 78 200 198 28 200 131 163 200 104 180 78 200 200 167 186 26 136 60 200 77 200 143 200 200 200 52 154 199 200 200 200 200 200 200 200 200 200 200 200 200 200 200 83 176 157 200 200 200 200 200 3 200 200 200 200 20 
81 39 200 200 63 200 193 200 200 62 130 86 200 25 149 200 153 20 46 168 69 187 68 164 200 200 200 200 200 200 32 62 200 200 77 171 92 190 200 68 62 200 200 88 57 200 200 78 200 200 200 200 200 200 200 200 200 190 200 200 
136 49 189 16 200 161 34 44 38 195 200 200 128 46 149 50 200 86 200 26 200 45 161 122 200 200 132 200 200 200 200 57 200 200 106 200 200 200 200 200 200 19 200 200 200 200 200 200 97 200 129 200 192 200 100 200 200 200 200 
191 174 200 177 37 200 122 127 61 200 200 38 161 135 73 149 142 200 130 200 200 200 102 200 200 200 112 200 14 200 200 200 200 200 13 200 200 200 200 76 200 200 37 200 200 200 200 200 200 164 200 200 200 200 200 200 200 200 
35 130 200 200 196 166 200 200 200 41 51 161 63 180 38 200 122 37 16 200 77 62 200 24 145 163 148 86 200 200 174 70 122 26 200 200 200 200 200 200 200 200 200 129 200 200 200 6 200 200 200 200 200 155 116 200 200 
77 192 198 200 153 73 200 166 3 116 130 21 126 5 200 200 130 46 10 200 26 200 69 50 200 200 200 98 200 94 200 200 77 200 188 200 200 178 200 200 25 200 200 200 200 200 200 200 139 200 200 200 200 200 200 200 
130 133 161 144 46 122 37 130 39 200 200 77 17 161 29 115 67 16 10 121 124 44 20 77 161 166 81 200 198 37 54 200 200 200 200 200 37 200 173 200 200 161 200 13 25 200 200 200 200 166 200 200 106 200 26 
181 1 190 110 22 161 5 200 77 172 200 189 47 16 44 200 128 200 200 200 23 200 200 200 200 11 24 200 200 130 106 200 200 200 200 116 200 200 200 200 200 96 200 200 200 32 150 6 200 200 200 200 200 81 
37 185 200 78 199 130 130 178 200 81 198 200 80 200 105 74 118 200 200 166 44 25 106 130 39 200 46 32 58 150 200 200 122 200 200 200 172 97 200 161 176 62 200 39 200 200 200 200 200 200 200 46 168 
13 120 33 102 200 163 26 125 200 175 114 136 126 200 16 200 166 200 109 200 200 200 76 32 14 107 200 200 200 138 200 200 81 200 200 200 200 200 200 200 200 200 200 200 200 200 200 200 200 197 200 200 
77 17 178 126 16 155 124 46 190 20 96 151 2 126 48 56 200 20 37 44 200 60 181 181 200 37 27 200 200 126 39 77 26 74 28 4 200 26 77 200 200 200 200 200 77 200 46 46 200 62 200 
135 44 68 15 130 151 159 36 174 161 136 166 55 81 136 27 86 49 96 200 114 200 200 200 200 166 200 200 18 124 200 200 8 25 166 200 200 200 200 98 200 200 200 200 200 200 200 200 200 124 
78 4 16 44 200 115 107 15 44 37 166 170 13 181 200 200 74 90 200 21 180 143 200 200 37 102 200 200 102 200 200 194 200 200 200 200 200 200 108 47 172 200 200 165 200 200 200 200 200 
161 77 30 198 102 68 20 21 123 183 60 92 200 126 181 200 200 60 46 126 200 115 200 196 200 25 102 26 200 200 124 200 105 200 200 200 153 26 200 200 200 200 200 77 16 200 166 48 
75 200 182 8 123 121 32 62 107 65 136 153 200 200 160 2 29 200 194 137 69 175 200 161 200 200 200 200 200 200 200 200 200 200 200 200 138 200 200 200 200 192 200 200 200 200 200 
161 79 67 200 177 46 190 39 121 25 78 200 101 200 200 104 4 200 200 200 92 200 198 49 200 61 200 135 200 60 200 200 200 200 200 200 200 57 200 200 200 200 173 159 200 181 
161 130 181 46 200 187 10 124 200 107 153 60 176 181 17 136 39 78 16 106 117 40 153 153 26 200 200 130 54 92 200 37 102 200 200 200 81 25 200 176 81 200 44 13 69 
19 127 30 181 200 200 42 166 106 82 90 175 100 20 200 200 200 200 102 200 46 14 146 200 200 200 200 200 13 200 200 43 200 200 200 200 200 200 200 200 200 200 176 200 
200 144 68 166 179 17 20 200 157 160 200 184 200 38 200 200 200 200 102 77 200 128 200 200 167 200 200 200 200 33 93 78 200 200 200 200 200 200 200 200 110 75 200 
100 126 16 81 48 17 126 151 49 129 27 75 138 200 200 122 73 37 37 200 197 112 200 200 200 200 200 101 200 200 59 200 200 200 76 200 200 200 200 200 200 200 
39 37 17 167 200 176 131 169 73 168 147 69 37 183 59 83 200 200 200 117 200 61 200 200 200 200 164 200 200 200 200 200 58 200 111 99 200 200 200 200 200 
177 53 62 156 154 26 20 74 17 25 37 200 78 17 122 64 90 200 200 39 200 176 200 9 200 200 200 200 200 200 200 62 200 200 200 44 200 200 200 197 
14 200 143 3 166 106 161 60 26 200 200 68 200 166 162 100 200 130 60 74 200 16 158 171 62 26 200 179 13 16 200 200 198 200 124 200 122 200 61 
60 180 0 153 68 16 130 39 68 200 190 153 44 143 197 122 68 181 166 200 200 125 200 25 190 122 37 20 200 200 44 200 200 200 25 200 26 148 
136 16 114 94 13 200 58 34 95 56 40 200 166 102 200 136 200 200 200 200 200 60 117 97 200 200 200 200 200 38 200 200 200 200 12 200 200 
172 136 200 161 17 153 190 77 200 46 122 23 91 130 39 200 13 200 190 147 84 106 200 46 60 74 200 181 17 161 200 44 102 136 37 85 
200 26 16 136 161 13 200 46 200 190 111 200 136 20 77 122 81 39 164 199 200 39 78 81 46 25 106 153 176 161 122 161 46 16 200 
76 139 200 200 195 5 200 127 200 39 200 145 189 16 84 200 200 46 200 64 89 37 50 200 95 200 169 200 47 185 200 146 77 200 
41 124 133 50 108 200 200 191 102 190 83 6 170 104 200 77 190 39 158 200 200 114 200 200 3 200 200 200 200 200 28 200 176 
20 4 80 33 200 191 90 74 166 171 8 200 198 66 200 200 60 200 200 200 200 200 200 200 200 30 200 200 200 200 96 16 
56 42 174 128 200 200 200 13 160 200 200 107 172 189 200 200 200 12 34 76 75 200 200 55 200 200 131 200 200 200 102 
94 168 15 72 27 200 44 60 200 200 200 79 170 46 200 86 185 192 195 200 200 200 85 200 200 41 200 200 139 200 
100 194 200 7 166 62 137 25 19 193 71 200 198 200 118 200 200 200 87 200 200 200 200 200 200 200 200 200 200 
131 10 23 130 124 101 200 128 147 1 88 190 20 200 191 200 200 200 200 200 19 66 35 200 200 200 200 200 
71 107 130 126 63 81 165 97 156 200 130 102 200 61 189 141 140 54 200 200 200 155 177 11 200 16 200 
166 81 153 26 65 157 172 99 200 200 39 148 200 200 200 200 200 200 200 160 200 200 66 14 200 200 
26 190 177 108 20 187 42 172 200 77 110 181 79 106 36 41 200 200 200 200 200 150 118 200 200 
172 161 37 190 62 200 176 70 85 122 200 161 77 78 46 190 16 200 37 161 200 200 200 31 
26 198 130 13 181 25 94 63 37 153 46 60 166 200 181 200 81 200 166 200 37 200 134 
109 72 162 200 103 130 44 105 200 61 40 82 35 200 200 0 200 79 200 200 15 200 
200 68 51 11 198 122 59 134 200 145 194 200 200 33 200 125 200 200 200 7 200 
8 80 127 78 190 121 74 32 56 200 34 18 200 7 164 197 200 131 53 74 
179 52 200 106 200 42 22 200 63 38 132 200 200 48 200 200 18 140 200 
176 153 190 96 200 200 200 200 165 43 170 109 14 200 184 82 44 200 
25 124 72 43 123 200 200 200 169 93 200 143 86 200 200 92 106 
95 198 136 26 198 176 200 37 200 17 198 161 60 68 126 200 
20 68 81 16 106 44 176 74 68 200 68 200 74 106 154 
120 200 177 29 30 200 87 200 195 71 200 123 81 44 
98 147 116 64 10 200 117 200 24 23 200 173 176 
5 148 56 184 200 200 200 68 15 200 200 126 
200 192 24 6 140 19 142 53 36 118 200 
11 127 50 182 120 150 93 132 24 13 
158 186 115 67 66 179 200 200 13 
73 159 193 70 82 125 200 81 
2 23 43 145 182 47 200 
133 200 197 137 90 37 
200 46 58 200 16 
134 121 133 122 
120 125 190 
200 176 
62 

