100 83
19 11 58 44 37 4 2 31 83 83 76 82 2 66 68 34 83 83 48 83 61 83 83 83 83 60 83 46 67 83 83 83 83 83 65 83 83 83 83 24 83 5 83 83 15 83 83 83 14 83 83 83 59 30 83 83 83 83 83 42 83 83 83 83 50 83 83 83 71 83 33 83 83 36 83 83 83 83 83 83 30 83 40 83 73 62 83 83 47 9 26 25 83 83 30 35 55 63 79 
10 37 1 83 16 5 40 43 83 83 39 7 74 47 54 46 31 83 83 83 83 20 83 83 83 33 65 23 83 83 50 83 83 83 11 83 61 83 83 83 60 83 83 46 83 83 83 83 83 83 83 11 15 83 83 83 83 83 83 83 83 83 83 83 75 83 83 83 83 76 83 83 83 83 83 3 83 83 8 53 83 83 29 5 32 83 83 49 48 72 65 78 63 83 6 79 70 66 
66 32 58 30 80 15 21 83 73 83 18 36 77 83 49 43 4 47 56 35 83 69 83 83 83 1 60 33 83 45 6 13 83 83 83 83 83 83 83 83 83 83 81 83 83 83 83 83 83 83 15 60 83 83 83 83 83 83 83 55 27 83 83 83 83 83 83 83 83 83 25 59 71 83 83 83 83 83 45 51 62 83 1 8 83 83 83 83 83 60 29 22 1 44 17 78 50 
42 32 9 11 83 71 54 17 83 13 31 72 19 35 24 83 23 20 33 83 83 38 83 83 28 57 70 30 0 83 83 83 83 83 22 83 65 83 67 83 83 81 83 83 83 40 83 83 83 13 69 83 83 83 83 83 83 83 83 83 83 83 83 83 83 83 83 83 83 83 83 1 46 83 83 83 83 7 83 77 83 57 10 83 83 18 83 83 16 63 83 81 57 62 83 78 
22 0 11 73 66 83 31 62 11 33 37 25 39 83 83 83 16 18 83 52 83 83 83 1 73 83 76 83 83 83 83 49 83 83 83 83 83 80 83 83 74 83 7 83 83 83 83 83 69 57 83 67 83 83 83 83 83 83 83 83 83 47 83 83 83 83 83 83 83 48 83 83 19 83 27 83 13 83 83 83 53 23 83 6 75 83 38 83 3 83 46 71 78 61 83 
71 41 20 63 73 33 83 2 43 83 40 83 80 83 83 83 10 60 30 83 82 83 15 13 83 83 83 9 62 83 83 83 83 83 83 83 13 83 83 73 83 83 83 83 83 83 0 73 13 83 83 83 83 83 83 83 26 83 83 83 83 83 79 83 49 83 83 83 83 83 83 27 83 83 83 81 83 83 66 46 14 75 21 81 56 17 59 83 46 11 4 35 24 76 
2 51 82 60 22 68 36 50 64 83 77 83 63 66 83 47 83 83 83 83 83 83 69 83 83 73 83 83 83 83 6 48 3 83 83 83 83 83 28 83 83 83 62 44 83 83 59 57 83 83 83 83 83 83 83 83 83 83 83 83 83 83 83 83 37 83 83 83 83 81 83 72 83 25 60 83 10 70 18 83 83 83 83 58 21 29 83 83 5 83 83 83 65 
36 80 7 7 74 77 18 5 5 60 18 15 83 67 53 53 73 7 30 41 78 38 69 36 23 41 1 45 2 15 46 28 69 57 63 11 57 61 73 36 15 60 60 83 57 51 67 59 45 53 1 15 59 53 28 53 2 11 83 23 60 23 23 5 23 60 5 53 18 73 60 7 28 58 81 45 67 54 5 46 18 46 11 23 46 60 67 44 15 57 57 36 
4 14 21 48 80 24 49 83 64 79 83 83 63 25 83 35 83 83 83 46 60 61 83 41 83 83 83 83 83 27 83 83 83 57 17 83 13 59 44 83 83 83 83 83 15 83 83 83 83 60 83 83 83 83 83 83 83 83 83 83 0 33 83 83 83 83 83 83 83 83 83 83 1 70 13 83 2 65 78 83 30 83 56 83 83 83 74 8 47 83 83 
45 83 19 13 12 2 78 83 83 23 50 79 83 30 42 6 83 61 11 83 83 83 22 83 81 83 83 69 55 83 83 16 80 83 14 46 9 83 83 83 77 83 83 57 1 83 83 83 83 83 83 83 83 83 83 83 83 83 83 83 83 83 83 18 83 83 83 44 83 83 83 74 83 83 25 60 83 83 10 83 83 53 83 83 72 57 83 83 83 83 
51 20 15 58 83 83 24 33 13 64 49 26 70 19 12 56 47 80 1 53 83 75 82 44 83 83 83 83 83 83 10 73 43 38 53 83 83 83 16 83 83 83 30 81 83 83 83 83 83 83 83 83 83 83 83 83 83 83 83 83 83 83 83 83 83 83 83 83 83 83 67 83 83 83 30 34 55 61 83 83 83 83 15 83 18 83 21 11 23 
12 1 44 0 55 27 28 29 41 1 83 83 68 65 52 42 57 18 83 83 83 16 56 83 58 83 83 83 83 83 83 83 83 80 39 83 83 83 83 83 48 1 23 83 83 83 83 83 83 83 83 83 83 83 83 77 83 83 83 79 83 83 83 83 83 83 83 25 83 83 83 83 83 15 83 50 57 62 83 83 23 54 34 7 83 40 69 83 
41 65 22 53 70 36 83 25 35 6 83 83 29 50 83 80 57 83 8 83 76 63 21 83 13 83 83 83 83 60 83 83 15 32 83 83 83 52 83 26 13 83 83 83 83 83 83 83 83 83 83 83 83 83 83 83 83 1 75 4 83 83 83 83 83 83 83 83 83 83 83 83 30 77 51 83 83 83 83 40 83 83 36 14 0 83 83 
59 5 11 15 7 69 12 67 13 26 18 28 2 45 29 34 5 59 57 5 18 80 83 53 23 15 5 81 26 5 11 82 1 57 41 67 2 2 15 71 17 60 1 11 60 2 65 83 81 57 53 5 36 23 30 83 59 30 69 5 18 23 5 83 7 83 57 47 59 7 60 24 23 83 41 80 46 60 74 18 1 25 53 67 53 41 
56 80 71 54 42 75 47 55 26 72 14 83 83 81 67 22 6 83 15 9 8 4 62 83 83 83 83 5 83 83 83 83 45 83 83 83 19 83 80 36 83 83 83 83 83 83 83 83 83 83 83 83 83 83 83 83 83 83 83 83 83 83 83 83 83 83 18 83 83 83 46 83 83 83 83 83 76 83 83 83 53 83 83 83 16 
39 34 83 66 52 57 45 58 50 55 83 46 18 0 83 11 83 83 65 83 10 83 83 83 83 83 80 83 83 67 83 83 83 83 83 40 54 3 83 83 83 83 83 83 83 83 83 83 83 83 83 83 83 83 83 83 83 51 83 83 79 83 14 83 83 74 83 83 83 11 83 26 83 83 61 83 7 83 83 18 48 43 83 83 
67 35 76 32 83 22 8 0 72 83 62 46 1 21 83 29 37 6 45 83 83 83 83 83 56 45 83 49 81 83 83 74 64 83 83 63 46 81 83 83 11 83 83 83 83 83 83 83 83 83 83 48 83 83 83 83 83 83 83 83 83 83 83 83 13 83 83 83 41 83 83 83 65 83 83 83 43 83 2 83 9 83 83 
53 17 38 43 9 83 37 10 58 83 57 80 83 83 5 83 36 83 83 0 83 83 78 83 11 83 4 7 83 83 83 83 83 50 83 15 7 83 83 83 83 83 83 83 83 83 83 83 83 83 83 82 83 83 83 83 12 83 83 83 83 83 83 36 83 20 75 46 83 83 83 83 83 83 83 19 76 30 83 83 6 68 
52 45 38 83 19 39 15 32 83 80 2 83 37 83 83 66 26 83 83 83 61 83 83 28 83 83 2 83 83 25 83 83 83 83 2 59 83 83 83 22 83 60 30 83 83 17 83 73 83 83 83 83 83 83 83 83 83 83 83 64 83 3 80 83 83 83 67 83 6 83 63 62 83 83 83 71 57 56 83 83 83 
71 7 83 64 38 35 79 50 41 74 27 46 83 43 83 32 47 14 45 10 83 83 60 44 75 69 83 83 83 83 83 49 83 41 69 83 83 83 83 83 83 83 83 83 83 70 83 83 83 83 83 83 83 83 6 82 83 73 83 83 83 69 83 83 83 2 83 83 83 83 83 40 83 83 83 41 26 83 83 83 
68 3 0 83 81 46 76 41 67 77 65 83 54 83 15 83 33 83 27 83 72 69 83 83 5 10 83 83 19 20 83 61 15 41 83 39 83 83 83 83 51 83 83 83 83 83 83 83 83 56 83 83 83 60 83 83 83 83 83 83 67 83 21 83 13 83 83 63 83 83 83 83 24 83 69 83 83 83 83 
15 51 80 83 72 70 67 28 76 41 24 21 78 17 83 40 83 39 75 83 7 33 64 1 83 82 83 83 83 83 83 46 2 4 83 65 83 83 83 83 83 83 83 83 83 83 83 83 83 83 83 83 83 83 83 83 83 83 83 80 83 83 83 81 83 83 83 83 83 83 50 83 83 28 83 34 83 83 
40 2 73 83 82 28 28 0 19 83 77 83 83 72 83 21 83 58 83 59 83 83 83 83 83 83 83 83 83 83 46 23 83 83 83 83 56 83 83 61 83 83 83 83 83 83 83 83 83 83 83 49 83 83 83 65 83 83 11 83 68 83 45 5 83 24 83 83 83 71 12 83 15 83 75 83 83 
78 68 61 59 1 69 83 32 3 29 83 39 28 83 73 21 27 48 57 83 83 59 24 83 83 50 83 81 83 80 57 31 83 83 83 83 83 83 83 83 83 83 83 83 83 83 83 83 83 83 62 83 83 83 83 83 82 41 83 83 83 74 83 83 83 38 83 83 83 83 83 41 83 83 12 52 
46 20 83 13 83 71 9 83 4 25 76 83 83 83 83 77 29 73 83 58 23 64 83 83 83 83 75 40 13 11 66 83 83 83 83 83 83 83 14 83 83 83 83 83 83 83 83 17 83 83 83 83 83 83 83 83 41 83 83 83 41 83 83 83 83 83 16 83 83 5 67 83 83 83 83 
25 54 74 18 16 58 82 34 2 83 0 83 31 26 4 83 74 42 83 57 41 78 83 83 83 83 83 59 36 83 52 83 83 83 83 83 20 83 83 83 83 83 50 83 83 83 83 83 83 83 83 83 83 83 83 83 83 83 83 1 83 61 59 83 83 83 83 83 83 7 83 83 83 83 
63 67 60 68 83 83 70 45 49 81 34 78 83 43 62 80 83 37 83 7 83 26 55 83 83 83 74 80 83 83 83 83 83 83 83 83 83 33 83 64 83 83 83 83 83 31 16 83 83 83 83 83 83 83 28 83 83 83 83 83 27 44 83 83 83 83 83 48 6 83 83 83 77 
73 60 80 24 79 38 14 25 6 5 65 72 16 9 11 49 8 11 17 19 32 83 78 83 83 60 7 83 83 83 83 83 83 83 83 83 83 83 83 83 83 83 83 83 83 83 83 83 83 83 83 83 83 53 83 83 83 15 83 83 83 83 83 83 83 64 83 53 83 83 51 83 
44 13 83 1 73 11 46 13 15 69 5 67 28 55 36 80 70 73 28 60 57 80 69 30 52 62 5 1 74 2 67 2 46 69 74 83 81 83 11 83 15 60 28 41 73 2 74 45 3 30 15 7 38 83 41 69 27 83 83 2 2 23 28 74 5 60 43 53 53 28 18 
36 80 81 30 30 13 46 57 1 30 18 13 43 18 2 72 60 15 53 13 74 74 28 61 56 57 60 36 73 60 15 59 28 5 69 69 30 23 67 73 69 36 57 53 7 28 13 67 45 7 67 50 41 2 57 12 83 83 23 28 57 73 23 11 28 0 67 2 53 36 
2 34 72 37 10 29 8 40 1 83 83 18 51 79 53 83 83 39 4 55 83 83 1 60 83 59 83 83 83 48 24 83 83 3 83 83 47 83 83 83 83 83 83 83 83 83 83 83 82 83 36 83 83 83 59 83 83 83 83 43 83 83 83 83 1 83 83 83 83 
43 42 10 83 20 74 83 83 83 27 67 83 44 83 51 3 49 26 83 83 83 45 28 54 83 17 71 75 83 83 83 83 15 83 83 83 22 83 83 83 83 83 83 38 83 83 48 83 83 46 83 83 83 2 83 83 83 83 83 83 83 83 83 83 83 56 83 83 
12 18 83 77 16 42 8 83 83 60 83 83 45 38 72 20 37 28 83 83 83 59 83 83 83 83 14 83 83 83 83 83 83 83 69 83 83 83 83 83 21 83 83 83 83 83 9 83 18 83 57 83 23 83 71 83 83 83 1 54 83 19 30 83 66 83 83 
40 73 55 61 52 14 17 58 83 32 47 53 83 83 83 83 22 83 83 60 83 49 83 83 83 83 83 83 83 53 83 33 83 83 83 83 83 31 83 83 83 83 83 83 83 83 83 45 83 83 83 5 83 83 13 24 83 83 83 83 83 15 83 83 83 83 
70 64 23 83 76 83 83 28 48 42 30 19 83 51 83 83 8 83 69 83 83 83 83 83 83 83 83 83 83 26 83 29 83 83 83 83 83 83 83 83 83 83 83 34 83 83 83 83 83 83 5 79 83 83 83 83 83 83 11 15 60 83 83 83 83 
19 30 38 29 34 83 57 83 20 59 33 37 14 31 0 22 83 23 69 44 83 83 83 83 81 83 83 83 83 62 74 83 83 42 83 83 83 83 83 6 83 83 83 63 83 83 83 83 83 81 83 83 83 83 83 83 83 83 83 73 83 83 83 83 
17 39 38 68 51 81 59 24 83 43 40 34 3 16 83 83 28 7 83 83 83 23 83 83 83 83 83 76 83 63 27 83 83 83 83 83 83 83 83 83 83 83 83 83 73 83 83 83 69 83 83 83 83 83 83 83 83 83 45 83 46 54 83 
79 80 70 64 53 4 32 28 83 12 83 63 21 39 83 53 23 58 15 37 83 83 35 83 83 65 19 83 83 83 83 83 3 83 83 83 83 83 83 83 83 83 83 81 31 83 83 11 83 83 83 83 83 83 83 83 83 39 83 83 38 83 
56 66 76 81 19 83 15 71 9 11 75 8 83 83 30 81 64 49 82 83 83 77 83 83 83 16 83 83 83 83 83 83 83 83 83 83 83 83 83 6 83 83 73 80 83 83 5 83 83 83 83 83 83 83 83 83 1 83 83 83 83 
64 82 69 22 25 23 16 83 69 51 35 83 68 23 13 83 83 48 83 83 83 55 40 32 83 83 83 83 43 83 83 45 83 83 83 83 83 83 83 83 83 67 83 83 83 59 83 83 20 83 83 52 83 83 83 45 83 83 83 83 
37 23 20 55 41 6 83 52 83 83 15 51 11 36 56 50 62 83 82 83 83 83 83 83 83 83 83 83 83 48 83 83 83 83 83 83 83 83 83 83 73 83 19 30 60 83 83 83 83 83 44 83 83 83 18 83 83 83 83 
53 23 83 67 44 83 19 35 83 83 71 7 28 30 66 79 70 54 8 83 83 83 83 83 83 4 83 83 83 83 83 83 83 83 83 83 61 50 74 74 83 83 83 5 83 83 31 83 83 65 83 83 83 1 83 83 83 83 
30 60 29 46 53 2 74 23 69 41 82 37 1 67 15 30 13 80 7 74 28 80 83 23 13 60 74 1 83 41 23 53 28 60 28 36 41 59 0 1 41 53 16 57 53 67 30 30 80 36 45 53 48 2 11 28 73 
70 57 83 24 0 83 54 64 2 15 7 79 83 12 83 41 46 67 83 56 83 83 71 83 83 34 83 83 29 83 83 83 8 83 83 83 83 28 83 83 83 7 83 83 83 83 83 83 83 83 83 67 83 83 72 83 
36 12 83 83 83 63 17 56 28 83 83 71 83 35 10 83 76 39 83 68 83 26 83 83 83 83 83 83 83 83 83 83 83 83 83 83 74 83 83 83 46 81 83 83 27 83 83 83 83 83 60 83 83 83 83 
30 60 11 69 53 45 73 75 54 7 2 5 60 30 30 69 11 59 7 80 5 59 13 45 5 13 57 83 69 11 18 80 74 83 41 56 83 2 15 10 15 15 36 13 18 11 13 13 53 46 36 36 45 83 
83 1 27 83 72 83 73 30 29 79 63 4 49 55 31 83 68 83 83 83 83 83 83 83 83 83 83 3 83 83 83 83 83 83 46 83 83 83 23 83 69 54 83 83 83 83 5 83 11 83 83 83 83 
31 2 34 70 38 69 81 32 76 30 63 83 83 17 83 43 39 22 83 83 83 5 83 83 79 46 50 83 83 83 83 75 83 36 83 83 83 57 83 15 83 83 83 83 83 83 42 7 54 83 83 83 
17 83 55 64 15 46 48 65 83 68 83 53 83 83 75 45 83 79 83 83 61 12 62 83 83 83 83 5 8 83 83 6 59 9 33 83 83 83 83 83 83 83 83 83 83 83 11 83 83 83 83 
79 54 47 81 59 83 12 41 34 57 83 46 83 44 83 49 83 83 83 83 83 71 83 83 20 83 83 33 83 83 83 46 83 83 83 7 83 83 83 83 83 83 83 83 83 83 83 83 83 83 
47 9 46 81 83 4 39 42 83 83 29 3 51 66 83 11 83 7 83 38 83 56 83 83 49 83 83 23 83 32 60 83 83 83 1 83 83 83 83 83 83 83 83 83 81 83 83 83 83 
35 13 83 83 18 83 24 31 83 34 6 71 12 83 3 83 83 14 83 83 83 83 83 83 26 78 83 83 83 59 52 83 83 5 83 83 83 44 83 83 83 33 83 57 83 83 83 53 
41 74 75 21 55 83 39 67 83 78 37 83 52 83 42 83 83 10 83 16 83 83 34 49 46 83 83 83 67 83 83 83 67 44 83 83 83 83 83 83 25 83 1 83 83 83 83 
32 74 1 5 23 53 11 23 46 83 83 57 30 18 23 28 69 60 1 7 73 13 73 36 80 59 18 22 30 36 83 43 1 36 23 45 7 2 81 73 30 31 18 69 5 28 
18 23 18 69 74 60 41 18 7 15 59 67 15 53 18 74 53 83 1 36 83 67 23 83 7 80 42 5 74 18 49 23 36 7 45 13 73 83 23 5 21 57 28 41 69 
10 57 2 83 83 69 8 82 21 47 15 7 37 83 25 83 83 33 83 83 83 77 83 74 12 1 76 60 42 45 83 83 83 1 78 83 83 83 83 67 83 83 83 83 
14 25 83 83 32 82 6 57 83 40 83 28 78 53 83 3 27 83 83 83 83 83 36 69 30 83 83 83 7 33 83 83 83 83 83 83 83 83 18 37 72 60 83 
72 77 83 60 16 3 58 31 20 51 54 36 45 83 83 66 83 83 83 83 83 83 83 23 47 83 83 7 83 83 78 83 10 83 83 83 83 46 83 50 83 83 
3 12 83 54 47 55 36 62 16 17 80 0 38 20 83 65 27 50 58 83 83 19 81 83 83 83 69 83 77 83 83 83 83 83 83 18 23 83 83 83 32 
45 33 4 66 11 9 6 79 65 68 83 8 81 83 72 52 58 83 51 80 83 80 83 83 37 80 83 7 83 83 83 83 83 83 83 74 83 83 83 42 
16 32 10 27 25 37 39 40 41 79 66 76 70 19 9 83 83 83 83 83 53 18 83 64 57 83 83 26 83 83 22 14 83 83 53 83 83 83 83 
65 61 83 4 48 37 47 73 58 20 36 72 83 83 83 11 83 83 83 1 83 83 83 74 35 18 83 83 38 83 83 83 83 45 83 83 8 3 
22 83 44 28 35 68 43 17 21 80 41 83 64 2 31 83 83 52 81 49 83 14 83 83 83 83 83 83 83 83 27 83 7 83 83 83 83 
35 21 8 58 0 12 29 9 83 11 38 83 63 83 76 83 83 69 83 83 4 5 83 83 83 83 83 83 83 83 83 11 83 83 83 83 
2 22 46 64 25 7 52 77 44 83 83 83 83 82 83 1 83 83 83 34 36 83 83 83 83 70 83 31 83 83 7 40 41 79 83 
14 0 83 35 83 3 51 75 18 83 43 83 16 61 83 36 83 34 81 59 13 20 83 73 45 48 83 83 83 23 83 83 83 56 
38 4 77 83 57 83 42 55 68 83 9 83 83 83 2 83 58 83 28 83 83 83 31 12 83 83 83 83 1 83 83 83 83 
24 10 57 83 45 31 83 3 66 83 83 28 26 69 14 83 43 15 83 72 83 61 83 20 82 50 83 13 83 83 83 74 
20 9 78 83 10 52 16 75 55 62 44 83 18 32 83 83 46 83 83 83 83 83 83 83 81 83 45 39 83 25 83 
13 70 50 22 83 83 27 21 56 83 62 13 83 11 48 18 83 83 83 54 83 83 83 83 37 36 83 52 83 6 
24 83 2 71 47 22 16 40 83 83 1 83 15 74 23 52 83 70 83 42 83 83 66 83 73 83 83 83 83 
7 30 83 44 64 4 35 39 47 11 65 83 83 83 83 17 83 83 83 10 83 83 83 28 83 83 83 27 
13 26 23 40 10 0 6 71 28 72 64 62 41 42 19 66 83 83 83 83 83 39 81 27 83 68 83 
34 83 62 83 49 20 28 5 61 0 68 83 83 56 83 83 40 83 83 83 83 5 83 83 83 9 
57 35 25 70 43 83 11 68 83 83 28 83 21 83 66 83 63 8 31 83 60 83 83 83 33 
18 15 83 58 83 0 42 80 77 45 24 83 83 29 7 32 75 72 8 83 83 83 76 51 
52 3 55 77 69 12 72 83 30 61 68 82 57 83 83 32 83 83 83 11 83 83 83 
63 12 53 53 20 74 17 67 43 24 36 68 80 83 22 83 38 46 83 83 83 45 
42 59 41 15 8 83 46 9 83 83 83 83 77 69 83 58 46 83 83 2 83 
35 7 3 83 83 69 22 14 34 70 76 83 78 30 54 45 52 13 4 83 
81 0 75 58 15 48 83 45 83 54 9 33 83 40 28 34 83 27 83 
67 53 46 29 18 7 7 7 15 81 41 59 57 35 1 46 74 81 
7 27 83 26 83 83 56 17 75 83 83 50 73 36 64 37 83 
78 81 71 52 14 83 83 66 6 70 47 57 29 83 83 22 
28 50 83 12 83 11 33 76 46 10 57 21 24 83 83 
81 41 73 46 13 80 23 23 46 39 59 36 28 74 
53 29 78 4 83 19 57 28 45 83 58 83 63 
23 12 59 8 48 44 29 73 62 83 66 4 
28 1 19 55 32 4 2 68 83 49 47 
82 83 79 51 59 53 55 83 83 64 
35 24 77 55 59 65 25 21 26 
3 83 83 53 51 11 14 57 
83 17 67 63 83 13 39 
9 36 17 8 83 83 
53 32 26 20 0 
73 18 15 53 
42 9 83 
31 80 
36 

