100 50
18 50 12 49 3 24 31 6 37 20 5 3 31 21 27 35 26 29 18 28 16 3 24 11 46 27 29 35 29 49 50 13 16 27 31 49 31 16 13 24 32 24 37 15 28 37 4 31 49 35 3 49 26 11 50 11 20 28 13 18 13 4 3 31 37 13 18 10 20 42 49 28 49 24 24 29 20 36 5 18 29 32 4 37 19 32 20 49 37 27 11 28 32 37 40 3 3 24 26 
50 18 33 24 1 35 42 50 9 41 50 38 26 50 45 22 39 34 32 0 29 50 17 6 15 50 6 50 50 21 14 50 50 50 10 50 49 50 50 50 50 50 5 50 50 50 50 50 50 50 48 50 50 50 50 50 50 50 50 50 50 50 50 50 37 50 26 50 25 50 50 50 50 7 50 50 37 50 50 50 43 19 11 3 50 27 50 46 16 50 50 12 47 20 30 23 50 44 
31 3 17 36 49 25 50 13 10 48 40 4 26 34 50 15 8 50 45 50 50 50 3 50 29 50 50 50 50 39 16 50 50 50 50 50 50 50 50 50 50 6 50 50 50 50 50 50 50 50 50 38 50 50 14 50 2 50 50 50 50 50 50 27 50 35 50 20 50 50 50 50 50 50 42 28 50 50 50 50 7 46 18 44 22 19 30 50 50 37 9 1 21 46 12 33 47 
26 20 26 4 50 37 28 11 27 28 47 28 50 6 4 20 6 50 40 28 5 17 26 28 27 13 31 31 50 37 40 40 35 26 35 11 13 11 40 37 33 49 16 20 4 28 13 32 24 5 29 49 13 13 11 16 27 35 40 24 26 4 25 13 36 35 28 27 6 11 18 49 37 5 20 35 18 27 5 20 29 34 37 3 26 27 49 16 13 13 32 11 26 5 28 37 
12 17 46 7 50 22 23 50 32 3 38 48 19 50 25 36 50 50 45 50 31 37 4 50 50 42 0 50 50 50 50 9 50 50 27 50 50 50 50 49 50 50 50 50 50 50 50 43 50 50 44 50 50 50 1 50 50 50 50 50 13 49 50 49 50 50 50 50 50 50 50 50 50 31 50 39 50 50 34 47 37 18 16 29 50 6 30 11 50 8 50 2 24 40 41 
50 5 46 6 15 49 7 4 35 0 33 50 27 41 44 18 32 50 19 37 50 50 8 50 9 14 50 50 50 50 50 50 50 50 50 50 50 43 31 50 50 50 50 50 50 50 50 50 50 50 50 50 50 10 50 50 50 50 50 50 35 50 35 50 50 50 50 50 50 37 50 50 40 50 1 38 45 42 25 37 50 50 2 50 50 50 20 23 39 22 13 36 29 21 
50 19 8 48 44 34 6 28 29 42 10 9 12 50 38 50 30 0 31 25 50 22 50 33 50 50 50 50 50 4 50 13 50 50 50 50 50 50 7 50 15 50 50 50 50 50 50 50 50 50 50 50 50 43 50 50 50 2 50 4 50 50 50 50 50 50 39 50 50 50 50 37 50 46 50 50 50 50 27 23 50 11 50 21 50 50 32 50 24 14 47 20 5 
2 34 11 27 41 50 40 40 13 23 50 43 38 7 22 10 50 16 50 50 50 50 48 17 12 50 50 50 44 50 50 50 50 50 50 50 32 50 50 50 50 50 50 50 50 50 50 50 50 50 50 33 50 50 50 50 50 50 4 30 18 50 50 50 50 50 50 50 50 45 40 50 15 25 0 9 50 40 50 50 50 50 8 42 24 47 16 29 28 19 36 14 
43 10 45 14 17 24 30 39 21 33 1 50 20 11 50 47 40 41 50 50 50 50 50 50 44 8 50 50 15 50 50 50 36 50 50 37 50 50 50 50 50 50 0 50 50 50 50 50 50 50 50 50 50 50 50 50 50 6 50 49 50 50 50 50 50 48 50 50 50 3 50 50 50 40 22 5 13 6 13 50 4 23 27 18 50 50 38 32 50 34 50 
36 14 29 50 31 41 9 12 47 31 19 4 50 33 11 26 46 38 50 50 50 10 50 50 48 50 1 44 50 50 50 26 50 50 35 50 50 50 32 50 50 50 50 50 50 50 50 50 50 50 50 50 50 50 50 50 20 50 3 50 50 50 50 50 50 50 50 50 37 50 50 39 30 24 50 49 22 50 50 2 45 15 0 50 5 42 23 50 21 28 
34 30 23 16 44 21 2 43 50 49 50 39 38 24 28 0 12 50 50 50 50 50 50 50 50 50 46 50 50 50 18 50 50 31 50 50 50 50 14 50 37 50 50 50 50 50 50 50 50 50 50 50 50 50 50 40 50 28 50 50 50 50 50 50 50 50 8 5 33 50 50 50 50 50 4 50 32 17 26 42 50 41 19 40 1 45 50 50 50 
32 11 18 8 47 4 7 19 29 50 13 50 3 11 50 1 50 50 25 50 50 42 50 5 18 21 50 50 50 50 50 50 24 12 50 2 30 50 50 50 50 50 43 50 50 50 50 46 50 50 50 50 50 50 16 6 20 50 50 50 50 36 50 50 50 50 29 50 50 50 50 50 50 28 39 50 50 17 50 50 50 50 0 50 48 50 38 33 
8 5 12 24 11 42 26 10 50 38 6 37 16 47 31 23 27 50 50 50 2 17 9 33 50 50 50 43 50 50 50 20 50 22 50 50 50 50 50 50 40 50 50 50 1 50 50 50 50 50 50 50 46 20 50 26 50 50 50 50 50 50 50 50 50 35 50 49 50 50 50 50 49 50 50 50 21 50 50 50 50 50 15 0 50 50 39 
18 22 1 46 41 30 50 43 47 5 7 24 36 15 45 50 50 50 24 50 50 50 50 50 21 50 50 35 50 9 20 50 50 50 50 50 3 50 50 50 50 20 50 50 50 50 50 50 50 50 50 50 13 50 16 50 50 50 50 50 50 50 0 29 29 50 50 50 25 50 50 26 50 50 14 50 19 50 50 50 2 50 44 34 42 50 
31 31 20 28 32 11 40 20 29 11 22 28 6 40 24 40 31 37 20 3 16 24 6 6 31 40 6 24 31 32 26 29 27 26 5 31 49 13 11 31 26 13 31 13 24 31 37 24 13 3 40 0 11 30 40 35 50 16 26 4 20 50 27 39 40 24 20 29 49 28 40 27 40 16 20 24 11 3 4 27 4 4 40 6 13 
50 42 45 32 13 37 50 24 10 6 28 25 7 14 50 28 4 15 50 50 50 50 50 50 31 50 50 50 35 50 50 50 50 50 50 50 50 50 50 50 46 50 50 19 21 50 50 50 50 50 18 50 3 50 50 50 16 50 50 50 50 50 28 50 50 50 33 43 50 49 50 50 50 47 50 50 50 50 9 50 5 50 39 50 
38 32 17 8 41 15 43 23 18 22 19 50 37 6 50 28 50 50 50 36 11 0 50 50 50 50 50 40 50 14 50 50 50 50 50 50 50 50 50 26 50 50 50 50 50 50 50 10 50 35 50 5 50 50 50 50 50 50 50 50 50 16 50 50 50 50 35 50 4 50 50 50 50 50 50 50 25 20 50 30 2 30 50 
34 40 25 9 41 7 48 3 17 50 50 8 50 24 1 50 14 32 50 27 50 50 37 15 50 50 40 50 50 50 50 50 50 50 50 50 50 50 50 50 50 50 50 50 50 50 50 50 18 50 5 50 50 13 50 50 50 50 50 50 49 50 50 50 50 50 31 35 50 50 45 50 50 50 39 29 50 50 36 50 50 50 
48 3 8 26 12 50 3 13 50 10 50 30 44 50 37 20 14 22 50 50 50 50 50 6 50 16 50 50 50 50 50 17 50 50 50 50 50 50 21 50 50 50 50 50 50 50 2 31 50 28 11 1 50 50 50 50 50 50 50 11 50 50 50 50 50 50 5 50 50 38 50 24 50 50 50 36 50 50 46 50 50 
50 36 44 37 15 29 5 16 46 45 50 9 47 50 50 50 50 39 50 50 50 50 0 50 24 50 50 50 50 50 50 38 50 50 42 50 50 50 50 50 50 50 50 35 50 50 4 33 26 50 50 50 50 3 50 28 50 50 32 50 50 50 50 50 50 40 50 50 7 50 50 50 14 50 50 50 10 50 50 49 
22 2 0 21 28 30 27 50 7 50 50 50 26 15 50 40 20 9 17 50 47 50 33 11 50 50 50 12 50 50 50 50 50 50 50 50 50 23 50 50 50 50 46 50 50 31 50 16 50 50 50 50 42 50 50 50 50 45 45 50 50 50 50 50 6 50 50 50 1 50 50 50 50 50 14 50 39 50 50 
19 50 50 49 21 30 1 34 3 39 17 50 16 33 12 10 27 47 50 50 2 50 7 50 50 46 5 50 50 48 23 50 50 50 50 50 50 50 50 50 50 42 50 50 4 50 27 50 50 50 50 50 50 50 50 44 4 50 50 50 50 50 50 24 50 50 50 50 50 31 50 50 50 50 11 50 32 30 
34 31 37 10 49 33 30 36 50 27 50 23 8 5 50 48 46 7 40 50 50 35 50 50 50 50 50 50 50 50 50 50 14 42 50 50 50 50 50 17 50 12 50 4 50 31 50 50 50 50 50 50 50 50 50 5 50 50 50 50 50 50 6 1 50 50 50 50 50 50 50 21 50 50 25 50 20 
25 35 48 23 36 16 50 49 9 50 1 21 50 50 17 2 50 50 50 15 27 50 13 50 50 44 50 50 50 22 50 50 50 50 19 50 50 50 50 41 50 50 31 14 26 50 50 50 50 50 50 50 46 50 40 50 50 50 50 50 50 29 50 47 20 50 50 50 50 50 50 50 50 50 50 50 
16 9 45 50 26 41 18 2 50 50 4 50 50 34 38 20 50 8 13 26 50 50 50 50 50 50 50 50 50 50 39 50 27 33 50 50 50 12 50 50 50 50 50 29 50 50 28 50 50 50 50 50 50 32 50 50 50 50 44 50 16 50 50 50 50 50 50 1 50 43 36 50 50 46 50 
20 37 4 3 35 3 5 11 32 27 32 18 31 24 6 4 6 18 10 20 13 13 13 31 37 13 28 6 26 29 35 40 40 29 24 5 40 50 18 13 29 49 43 6 49 28 27 28 28 29 26 28 12 26 37 18 37 29 20 42 5 3 29 5 31 32 16 49 37 40 24 28 18 11 
50 39 44 7 50 34 50 33 50 50 24 50 31 12 16 42 50 35 19 50 50 50 50 50 2 50 50 50 50 50 50 50 50 50 45 50 50 50 50 32 50 11 50 40 50 50 50 50 50 50 50 4 50 50 50 50 50 50 4 50 50 50 50 50 50 50 8 50 50 50 50 23 50 
50 41 24 8 0 21 9 3 15 50 10 50 5 50 34 50 11 50 39 22 44 46 50 43 50 50 50 50 50 50 50 50 50 50 50 17 50 50 26 50 37 50 50 50 2 48 50 50 14 7 49 50 50 50 36 50 50 27 50 50 50 50 50 47 50 50 50 50 50 50 50 50 
32 47 43 38 17 34 0 21 3 11 50 41 50 50 50 27 25 12 44 18 30 50 50 31 2 50 5 50 42 50 50 50 50 50 50 50 50 28 50 26 50 9 50 15 50 14 50 50 50 29 50 50 50 50 50 50 6 50 50 50 50 50 50 50 40 50 50 50 50 50 50 
23 48 42 1 38 39 50 18 33 10 17 50 50 12 5 50 46 35 15 50 0 50 50 31 50 50 50 6 50 50 50 50 50 50 50 50 27 22 26 50 50 50 50 50 50 50 50 50 18 50 50 50 50 50 50 20 50 50 50 50 50 50 40 50 50 43 50 11 50 9 
22 16 27 50 1 20 34 50 15 39 14 11 38 13 32 50 50 50 50 50 50 8 50 50 50 50 50 50 50 50 44 50 50 50 50 28 50 4 19 50 50 50 12 26 50 50 10 26 50 50 50 50 50 50 49 0 50 50 50 50 50 50 50 50 50 50 50 2 43 
23 35 50 42 41 38 46 25 11 50 36 50 29 50 50 1 47 15 33 50 50 50 50 50 50 2 12 50 30 19 50 6 50 50 40 50 40 50 50 50 50 50 50 50 20 50 20 50 50 50 50 50 50 49 50 50 34 50 50 50 50 50 45 50 7 50 50 50 
36 35 44 15 8 29 41 48 43 46 50 37 22 10 7 50 50 50 50 30 50 5 50 21 50 50 32 50 50 50 50 50 50 18 3 16 50 50 50 50 50 50 50 50 50 31 50 50 50 50 50 50 4 50 50 50 50 50 50 50 50 50 50 50 50 50 25 
32 10 34 50 18 30 19 50 22 5 20 50 25 39 46 43 6 41 50 14 0 33 50 50 50 50 50 23 3 8 24 12 16 4 28 50 50 31 50 50 50 50 50 50 50 50 50 50 50 50 50 5 50 50 50 50 50 50 50 50 38 50 50 50 50 50 
11 2 43 44 19 30 7 45 10 16 50 36 0 50 41 50 21 12 50 50 18 49 50 47 50 50 50 50 50 42 50 5 50 26 50 50 50 50 50 50 50 50 50 32 50 4 50 50 50 50 29 50 50 50 50 50 50 50 50 50 37 50 50 50 50 
26 2 31 43 50 48 50 17 24 30 28 45 50 38 7 46 50 50 50 50 50 23 50 50 36 50 50 50 50 25 37 50 49 50 50 50 50 50 22 50 50 50 13 50 50 50 50 50 19 27 50 50 50 50 41 50 50 50 15 50 50 50 49 50 
7 3 8 0 13 49 25 37 46 11 50 14 47 23 39 50 50 50 50 50 17 50 50 31 50 50 50 50 50 40 42 40 50 50 32 50 50 19 6 50 50 40 50 50 50 50 50 50 49 50 50 50 50 50 50 50 50 50 50 50 50 50 50 
25 5 22 50 48 14 49 9 19 33 0 50 29 32 50 23 30 50 50 41 50 4 50 50 50 50 31 50 49 26 28 50 50 50 50 50 45 50 50 50 16 50 50 17 50 50 50 32 50 50 50 50 50 50 50 50 50 50 50 50 1 50 
50 8 30 38 41 37 14 32 40 23 45 22 50 50 39 2 43 50 50 50 50 15 50 50 50 50 50 4 50 50 50 50 50 50 50 50 50 50 50 11 50 50 50 50 50 50 28 50 50 50 50 12 36 50 50 50 50 50 50 50 50 
14 6 1 0 35 42 9 32 29 50 50 23 44 50 7 21 48 50 4 36 50 50 50 50 50 50 3 50 20 50 12 50 50 50 40 50 50 50 40 50 50 50 50 50 50 16 50 50 50 50 50 50 34 50 50 50 50 50 50 50 
42 47 34 37 50 27 9 50 6 1 44 50 24 18 50 50 46 32 50 50 15 50 50 36 35 16 50 31 25 29 50 45 50 50 50 38 50 40 50 50 2 50 50 50 13 50 50 50 50 50 50 50 50 50 50 50 50 50 50 
9 21 6 41 17 23 33 2 8 34 38 1 27 50 25 19 46 22 50 50 0 50 50 50 5 50 37 50 50 50 50 50 50 50 50 39 3 50 50 50 50 50 50 16 50 50 50 50 50 12 50 50 50 50 50 50 50 50 
7 3 10 50 12 21 50 15 18 19 30 33 37 50 29 39 17 41 50 50 14 25 50 4 50 40 32 50 43 50 50 50 50 50 50 28 50 50 50 50 50 50 13 50 50 50 50 50 50 50 50 50 50 50 50 50 50 
40 50 44 37 24 50 30 22 42 28 50 23 47 50 48 45 50 50 8 50 50 50 26 2 13 50 27 50 50 50 50 18 1 50 29 50 16 50 50 50 50 3 50 50 50 50 11 50 50 26 50 50 6 50 50 50 
28 18 4 16 28 37 29 20 26 6 6 13 24 5 18 37 40 20 49 13 18 22 50 19 13 3 16 49 18 31 20 4 13 2 26 11 24 5 26 20 41 24 29 37 3 28 29 16 5 27 50 29 35 28 29 
0 43 4 1 48 6 50 8 45 31 17 5 36 40 34 38 24 33 50 21 35 15 13 39 50 23 50 50 50 50 50 50 27 50 50 50 50 50 50 6 50 50 50 50 50 50 50 50 50 50 50 50 50 50 
34 3 4 35 47 7 50 40 2 50 48 50 38 1 50 31 50 45 50 20 50 28 50 50 50 50 50 50 15 33 50 31 50 50 50 8 50 50 49 50 50 21 37 50 50 50 50 50 50 50 50 50 50 
41 19 50 27 50 17 25 28 5 30 42 50 50 8 49 10 18 50 27 50 5 50 50 50 50 50 50 47 50 36 40 21 31 50 50 50 50 29 50 50 50 50 50 50 50 50 50 50 50 50 50 50 
37 50 36 25 9 49 50 50 28 2 43 39 7 50 38 48 50 35 50 26 50 50 34 50 19 50 1 50 50 31 17 50 45 50 50 50 26 50 50 50 50 50 50 50 50 50 50 50 50 50 50 
24 25 33 42 10 50 8 12 17 31 16 32 50 23 13 22 31 50 11 0 39 50 35 7 9 50 50 50 18 50 50 50 50 50 50 13 50 50 50 50 50 50 50 50 50 50 50 50 50 48 
9 36 32 26 10 34 38 40 50 4 50 50 19 50 47 11 50 16 50 44 25 21 50 50 45 50 50 35 50 50 50 50 50 50 27 2 42 50 50 50 50 50 50 50 50 50 20 14 50 
45 7 17 8 31 50 1 14 11 12 30 50 50 50 18 50 11 5 50 50 50 50 50 50 50 50 4 24 50 50 15 50 50 35 50 50 50 50 50 50 50 50 50 50 50 50 50 50 
27 50 1 6 34 10 3 50 21 41 50 9 50 18 50 4 40 50 50 0 50 47 46 22 50 37 2 50 50 50 50 50 18 15 50 50 50 50 50 50 50 14 50 50 50 50 50 
21 45 41 16 43 25 26 18 36 48 50 50 20 47 37 50 50 12 44 13 50 50 34 50 28 50 38 50 50 50 50 28 50 50 15 50 50 50 33 50 50 50 50 50 50 50 
9 12 44 3 23 8 50 13 50 19 37 5 36 49 50 41 50 22 50 50 50 47 50 32 50 50 50 50 14 15 28 50 50 50 50 32 50 50 34 50 50 50 50 50 50 
36 25 30 15 7 50 27 11 3 19 3 24 13 50 46 50 50 41 50 50 50 50 49 50 50 22 50 50 50 35 50 50 50 50 38 48 50 50 50 50 50 50 17 50 
39 50 18 2 22 35 44 32 1 4 38 29 27 50 14 50 23 50 19 50 15 35 43 50 10 50 50 50 28 50 7 50 50 50 9 50 50 50 50 50 30 50 50 
22 9 50 47 7 45 50 10 11 50 40 50 50 33 50 50 50 50 43 4 29 50 50 50 50 50 50 37 50 50 50 50 50 50 50 50 50 0 50 50 50 50 
8 25 50 45 27 50 7 28 0 32 44 34 50 26 50 21 50 50 41 50 9 35 50 14 50 50 16 50 50 50 50 50 50 50 50 50 50 50 38 50 50 
28 30 39 5 50 27 26 12 16 50 50 6 41 50 50 50 50 50 32 11 50 21 50 50 50 29 50 50 50 50 50 50 50 50 50 50 42 48 50 50 
50 47 32 33 0 31 44 26 17 23 50 14 50 12 5 48 46 37 29 50 3 6 50 50 27 50 49 50 50 50 50 38 50 50 50 50 50 35 50 
33 9 39 34 24 50 4 43 48 11 37 26 24 27 17 50 27 42 29 50 10 41 50 16 50 31 50 14 20 50 50 46 50 50 50 50 50 50 
34 44 38 18 50 24 21 42 9 43 14 50 25 50 50 18 46 22 50 28 16 50 5 50 50 50 48 50 4 32 1 50 50 50 10 50 50 
50 39 28 21 35 29 7 22 50 43 2 36 50 50 26 47 50 12 50 50 50 16 50 50 50 50 1 18 50 50 50 50 50 50 50 50 
23 18 43 29 50 47 17 4 50 8 50 27 0 5 28 50 50 41 49 34 40 16 14 37 50 50 21 50 50 50 50 22 5 50 15 
3 29 4 15 14 30 20 33 44 17 50 50 6 50 48 28 9 50 50 24 50 45 50 42 50 8 50 43 50 50 50 50 50 50 
13 39 4 3 5 40 20 11 37 50 49 45 37 32 11 24 28 4 23 3 20 4 3 4 40 31 18 37 31 27 35 24 31 
18 1 19 8 10 45 7 50 50 35 49 34 50 32 50 48 23 32 9 41 50 25 50 50 50 17 50 46 50 50 50 50 
3 20 20 18 35 29 18 5 6 22 26 5 29 26 11 3 13 6 35 32 5 40 11 5 37 27 27 24 31 5 32 
6 10 46 8 16 34 12 23 28 38 2 42 50 47 50 26 36 28 31 50 50 14 50 50 24 41 50 18 50 50 
0 33 5 50 50 11 37 35 32 36 13 50 15 4 49 50 30 50 50 10 22 2 50 50 50 50 50 45 50 
36 21 46 50 41 2 40 7 42 50 50 1 45 32 50 50 47 50 15 50 50 39 35 44 24 50 50 40 
25 50 48 19 50 18 30 47 31 1 39 50 13 50 34 42 24 9 23 6 50 7 50 50 50 50 50 
4 31 9 50 11 1 30 40 46 50 10 49 47 15 44 50 0 2 50 38 50 50 50 17 50 50 
33 30 1 27 20 5 50 17 10 50 27 41 25 50 39 34 37 36 50 42 50 43 0 50 50 
8 21 26 16 40 0 50 23 14 35 38 12 9 44 22 50 50 11 50 50 50 43 50 10 
50 18 49 10 15 44 50 24 6 35 50 25 7 50 28 45 50 50 16 39 50 50 2 
27 13 17 14 34 50 30 27 48 38 33 9 43 24 50 50 22 25 47 50 19 50 
37 20 20 3 5 32 1 31 20 3 13 35 6 16 35 40 49 49 26 11 32 
44 48 23 50 0 28 12 19 39 15 50 41 10 14 50 50 50 50 50 18 
7 21 3 13 18 20 37 6 50 14 50 8 0 25 45 41 50 9 50 
35 36 26 5 8 46 23 43 50 20 19 33 50 47 50 50 41 34 
2 12 32 11 39 48 38 7 50 29 50 50 18 27 50 50 19 
38 26 45 0 50 28 46 17 25 50 12 30 50 8 31 50 
3 17 36 41 8 27 7 44 22 33 39 9 1 48 16 
4 16 29 26 26 20 16 3 13 3 5 4 13 40 
50 30 40 25 34 21 10 50 5 46 7 43 27 
50 33 2 10 4 48 23 50 21 44 8 1 
36 3 46 43 27 13 12 8 32 50 22 
35 19 22 18 10 34 12 41 50 31 
39 47 50 30 50 50 50 50 36 
50 44 26 35 33 50 50 38 
30 46 50 50 42 12 23 
41 2 15 45 13 42 
48 17 6 44 29 
19 9 10 8 
37 25 33 
15 35 
0 

