100 133
13 133 130 75 46 37 86 58 90 63 44 16 40 19 133 69 133 95 125 133 111 133 81 133 133 133 133 71 133 133 133 133 133 133 133 133 133 133 133 17 133 133 133 133 133 133 5 133 133 96 133 133 133 56 133 117 133 133 133 133 133 133 69 119 133 133 133 133 133 126 133 128 133 133 2 133 133 133 133 39 3 133 133 74 133 42 116 51 43 33 72 133 121 89 53 133 38 131 133 
46 35 90 133 71 123 133 75 133 133 57 118 133 133 129 133 133 2 133 126 122 133 24 133 125 133 112 133 133 133 133 43 133 11 133 26 133 133 106 80 133 133 129 110 133 133 133 133 133 133 133 6 41 56 133 133 133 133 93 89 133 26 66 133 133 133 133 40 34 133 18 133 133 7 133 103 128 133 133 133 133 133 18 133 133 62 68 41 133 97 48 25 133 133 133 72 14 18 
114 8 19 79 17 47 31 102 98 133 11 120 24 129 96 82 64 53 77 133 133 90 133 131 92 107 133 32 133 133 133 6 133 133 133 133 133 133 133 133 133 133 133 133 133 133 133 133 133 133 133 133 123 133 133 133 133 133 133 133 64 133 133 117 101 47 133 133 133 133 128 131 133 133 133 131 133 133 113 133 133 69 133 27 133 116 125 133 14 127 26 5 122 33 133 22 1 
33 21 65 82 13 15 132 75 47 133 133 133 129 133 22 12 116 84 93 1 133 133 2 133 70 133 133 104 78 133 50 133 133 133 133 133 133 133 133 133 103 133 133 133 133 133 133 133 133 133 133 64 133 133 133 133 133 133 133 133 133 119 133 133 133 133 133 133 133 133 129 129 133 117 119 133 46 133 98 133 30 133 67 32 133 101 133 71 133 20 62 68 83 36 72 27 
133 7 10 117 17 59 94 133 133 133 14 74 109 122 103 133 76 51 133 124 66 101 133 133 83 133 32 16 133 133 133 133 133 78 133 133 84 133 133 133 133 133 133 133 80 133 95 113 133 133 133 133 133 133 133 133 77 133 133 133 133 133 133 30 133 133 133 133 47 133 74 45 74 85 133 133 38 133 133 125 133 41 133 34 133 133 133 133 133 36 62 47 46 9 58 
16 98 133 79 133 18 131 116 133 70 53 49 133 103 51 45 41 133 133 133 133 113 133 133 133 133 133 76 133 133 133 133 133 123 133 11 133 133 53 133 133 133 133 133 133 93 133 12 133 125 133 133 133 133 133 133 38 30 133 133 133 133 119 99 133 133 133 101 35 123 133 6 117 92 9 133 133 8 6 87 133 133 86 131 36 133 47 133 133 54 66 35 120 81 
133 15 76 133 59 133 49 133 122 128 133 133 123 117 133 133 133 133 87 133 30 133 10 130 133 107 86 133 133 133 133 2 26 99 133 133 53 133 133 133 133 133 118 133 133 133 54 133 101 18 133 133 133 133 133 133 35 133 120 133 46 69 133 133 64 119 133 2 64 104 133 131 133 133 133 133 133 133 133 132 133 133 7 133 133 121 75 108 133 133 44 133 52 
133 133 133 77 84 68 133 5 133 8 96 18 133 58 33 0 74 57 133 133 22 133 133 124 133 133 95 99 23 133 133 133 133 133 133 133 133 133 133 133 47 133 133 133 133 133 133 7 133 133 133 31 133 133 133 6 102 133 133 133 133 133 133 133 133 133 56 133 133 133 30 133 113 39 133 24 133 1 56 133 133 101 94 9 92 133 126 133 50 115 133 70 
133 96 4 98 63 79 127 54 61 57 133 133 109 126 133 83 95 53 34 133 51 133 133 123 20 133 133 133 133 133 36 133 27 46 133 133 133 133 133 133 133 133 133 18 35 133 133 133 133 133 133 133 78 133 133 133 133 133 91 133 6 133 133 133 133 35 133 23 102 2 133 133 133 133 133 69 70 133 133 133 2 67 114 80 133 133 133 132 110 133 94 
56 6 116 102 80 133 7 87 59 74 3 133 16 133 133 133 133 98 133 133 133 133 70 7 133 91 97 133 133 133 26 133 133 133 133 133 133 133 133 133 133 133 133 128 133 133 133 133 133 133 133 133 133 123 133 133 120 133 133 133 37 133 53 133 123 133 133 133 30 78 133 33 133 133 133 94 51 77 112 125 62 133 133 133 67 84 40 49 39 133 
113 133 110 65 49 41 76 60 133 133 133 29 116 106 84 47 100 133 133 34 133 133 133 133 8 28 133 133 133 133 133 133 88 123 133 133 133 94 133 133 133 0 120 129 101 66 133 133 133 21 133 133 12 88 133 133 133 133 133 133 32 41 133 41 133 133 66 133 133 58 133 133 47 30 133 23 133 133 85 44 57 133 133 93 43 17 133 129 133 
27 133 8 111 18 104 25 101 133 24 133 50 133 118 30 133 133 133 133 3 133 133 133 26 128 133 133 133 133 133 97 47 133 133 133 133 83 133 133 133 133 56 133 133 133 133 133 133 90 62 133 133 133 133 133 133 133 133 133 133 129 133 56 117 72 74 133 133 19 133 133 0 133 133 82 133 133 7 133 21 122 133 88 133 42 55 133 133 
71 99 133 102 29 133 120 37 62 133 5 133 133 64 133 133 17 133 114 133 75 133 23 133 105 43 46 82 133 133 133 133 133 72 133 133 133 133 133 133 41 133 129 133 133 133 133 133 133 133 133 133 133 133 133 53 133 133 133 74 101 41 133 83 133 133 133 133 133 32 133 133 133 6 65 133 55 45 133 90 133 73 133 56 133 92 126 
130 0 12 56 78 85 133 133 57 109 1 133 133 133 133 108 133 125 133 99 133 133 133 133 38 133 21 77 113 133 55 60 133 133 133 133 45 133 133 133 133 133 133 133 133 133 82 133 133 133 133 133 133 133 123 133 133 133 41 133 119 7 133 69 133 5 73 133 133 133 117 133 133 133 133 133 133 133 133 133 133 133 52 29 4 42 
68 18 16 108 101 81 28 133 126 27 17 129 61 133 63 133 133 133 133 23 133 49 133 54 89 133 133 133 133 12 133 1 53 133 133 133 87 4 18 133 35 119 133 133 133 34 133 133 35 133 133 56 133 133 133 133 133 133 30 133 133 133 133 47 133 124 133 133 133 103 133 133 127 133 2 133 86 133 133 133 133 133 57 133 133 
30 77 124 56 7 50 62 133 113 79 55 133 86 19 133 17 133 10 16 133 47 133 133 106 133 133 133 2 133 133 133 133 133 133 133 133 133 103 74 55 2 133 133 133 109 133 95 74 133 133 133 133 55 133 129 133 133 133 103 133 133 133 69 133 133 83 133 133 133 75 116 133 84 7 133 133 45 133 133 105 59 133 133 43 
18 2 89 69 6 128 133 30 18 22 88 129 47 41 2 56 64 18 133 131 85 133 133 119 101 88 71 45 133 133 133 53 12 56 101 129 33 122 111 14 74 133 133 47 47 133 87 90 85 5 133 133 133 69 133 118 95 100 51 133 48 29 133 133 119 129 101 15 133 133 53 133 124 129 133 41 7 56 101 133 88 88 54 
115 101 125 130 73 62 80 133 12 133 133 26 97 133 133 133 19 133 133 133 13 133 133 133 133 102 133 27 133 133 133 105 32 133 133 133 133 53 133 133 133 133 100 133 133 133 133 133 133 133 133 133 133 133 12 133 133 133 133 133 85 133 133 133 127 133 54 120 117 133 133 123 46 133 85 11 48 133 133 133 126 64 
129 18 121 55 11 133 33 119 17 9 133 89 133 102 133 113 133 93 133 53 133 20 133 50 133 133 71 133 133 133 133 83 133 133 120 7 133 133 133 133 133 133 133 133 66 133 133 133 133 123 133 133 133 133 133 18 133 133 103 2 133 133 133 133 133 102 110 129 133 13 133 133 128 133 133 133 133 0 133 133 86 
12 18 74 6 12 119 0 133 55 35 125 123 120 133 128 74 7 103 119 74 55 133 41 105 4 125 2 128 74 133 12 133 101 130 133 91 93 88 117 64 133 133 47 133 32 18 28 18 10 119 55 30 133 62 104 115 53 133 13 133 133 133 35 133 61 133 69 18 129 25 133 133 133 133 64 6 133 133 74 133 
133 95 112 126 133 30 133 91 43 17 79 133 133 27 104 133 133 9 78 133 133 133 133 131 133 133 4 133 133 133 133 133 133 133 64 123 133 133 108 28 133 133 102 133 133 6 133 133 133 133 133 64 133 41 133 73 133 117 133 133 133 133 111 56 130 21 123 133 102 133 133 15 103 133 133 107 42 133 133 
133 133 123 102 133 75 96 1 133 4 133 15 133 133 133 129 87 133 47 133 104 133 41 133 133 110 133 68 133 133 3 7 103 133 6 133 72 133 133 133 85 133 133 133 133 37 133 91 133 133 133 133 53 133 133 18 133 133 133 133 133 133 128 133 133 133 133 64 133 133 100 133 53 133 133 133 133 26 
59 133 10 18 36 108 21 133 22 115 38 87 64 133 133 133 25 133 133 80 117 74 105 133 133 54 107 133 92 133 7 133 30 133 133 45 133 133 133 133 133 133 133 133 133 133 133 133 133 56 133 101 133 133 133 133 50 133 133 133 133 133 133 133 133 133 129 133 133 66 133 133 44 133 133 133 133 
133 13 12 4 34 41 84 107 79 130 133 35 133 68 72 83 111 96 133 12 102 133 133 133 133 127 133 133 33 133 133 102 133 37 133 133 133 128 133 133 133 133 66 133 133 133 133 133 53 133 120 133 133 133 74 29 133 65 133 91 64 133 133 133 133 133 133 133 133 133 133 133 133 20 133 133 
120 56 5 73 133 100 133 8 121 11 133 133 133 112 133 133 23 133 56 88 133 133 34 69 133 133 32 133 131 133 6 133 97 19 133 133 133 133 117 133 133 131 133 133 133 133 133 128 133 2 133 10 133 133 133 28 37 133 133 133 133 133 133 133 56 133 133 76 48 133 98 133 133 96 133 
125 51 7 82 133 43 86 31 108 133 114 133 61 63 44 133 133 123 18 94 48 133 124 133 133 133 133 56 133 69 41 133 133 133 133 98 133 133 133 133 133 133 133 133 133 133 133 133 133 133 133 133 133 133 133 133 133 133 74 133 133 133 71 125 133 133 0 56 133 112 133 111 109 127 
69 120 12 131 133 66 103 56 117 85 12 133 30 133 128 54 97 132 131 133 69 66 133 125 12 133 23 87 52 70 35 35 133 55 133 133 68 133 133 46 88 133 133 133 53 27 121 133 89 133 133 96 133 2 123 133 133 29 133 133 133 133 111 101 66 133 133 133 85 117 133 102 133 
85 52 67 69 133 133 107 109 133 127 21 133 133 54 84 133 30 46 40 133 132 133 133 105 108 47 12 133 54 133 133 48 104 133 133 133 6 133 133 133 133 133 133 133 6 133 101 133 133 125 133 133 133 133 133 133 64 133 133 3 133 125 133 133 133 133 9 133 70 82 133 114 
2 56 81 133 45 79 16 52 29 39 14 133 114 68 131 35 133 128 133 133 133 105 133 60 131 133 47 18 133 133 133 133 133 133 133 133 133 133 133 133 133 133 133 88 103 133 133 133 133 74 133 133 133 133 106 120 133 133 133 133 133 133 133 133 133 133 76 133 133 5 133 
93 133 67 3 90 125 64 98 133 91 37 100 99 129 133 133 84 115 133 133 133 133 76 133 88 131 133 133 31 118 133 133 133 103 133 133 133 133 133 133 133 133 47 133 133 133 133 133 55 133 133 133 133 133 133 133 133 133 133 47 27 133 133 133 7 133 133 112 133 133 
61 48 119 133 65 21 35 8 42 53 55 133 102 120 90 0 15 133 115 133 133 29 119 133 133 133 68 104 69 133 133 133 133 133 62 133 133 133 133 133 133 133 133 54 133 133 6 66 133 133 71 133 133 133 133 133 133 106 103 133 133 133 133 133 133 133 133 16 133 
133 54 51 71 11 19 98 9 57 133 133 55 55 106 133 133 6 85 133 13 28 6 133 133 133 133 133 133 132 33 52 133 35 133 133 29 120 133 133 133 18 133 133 133 133 133 103 133 133 133 133 133 133 133 133 133 133 133 133 77 133 133 129 133 133 89 133 133 
117 24 50 2 77 133 121 1 22 133 131 12 109 133 58 49 133 60 133 133 133 119 47 133 133 65 133 87 133 133 133 133 90 133 20 133 133 133 133 7 133 133 69 133 133 133 133 133 133 133 133 35 133 15 133 14 123 133 133 133 133 133 133 37 133 133 129 
66 73 63 133 133 133 79 44 133 30 133 112 59 13 23 95 124 133 133 110 47 64 133 34 133 133 96 133 133 35 133 6 85 133 133 133 133 133 133 133 66 133 133 2 133 133 126 133 133 133 133 133 133 133 133 133 133 133 133 133 61 133 133 133 133 133 
86 76 39 133 97 133 133 133 30 53 0 133 133 58 2 36 9 65 56 117 47 133 133 133 133 133 133 54 133 35 133 133 77 133 133 133 133 54 133 133 120 133 133 133 133 133 34 133 133 56 133 133 42 133 133 133 133 133 133 100 133 133 3 133 133 
98 14 123 133 32 133 133 7 123 102 10 133 24 54 133 60 77 133 133 53 133 106 133 133 133 133 133 133 133 133 133 133 129 100 133 124 133 133 133 133 133 6 133 133 133 115 133 133 120 133 20 133 133 69 133 133 5 133 133 133 133 133 118 133 
133 51 104 71 0 94 117 41 99 133 118 29 133 130 112 133 131 133 56 119 57 133 59 133 26 10 125 125 133 133 133 133 89 133 107 133 41 133 133 133 125 35 133 133 133 133 133 101 133 133 133 133 133 133 133 133 133 133 133 133 133 133 133 
133 6 133 3 130 117 128 38 132 33 90 133 67 133 133 85 41 2 35 95 76 40 133 133 133 133 133 31 35 121 74 61 44 133 2 133 18 133 133 133 53 104 133 91 133 133 117 133 133 133 1 133 133 133 133 133 111 133 58 133 133 133 
60 62 106 71 56 41 26 23 124 125 133 122 10 133 6 133 133 74 59 133 29 133 133 82 129 133 133 56 133 133 133 109 97 103 117 133 133 133 128 133 133 133 133 133 133 133 133 133 133 133 133 133 133 133 133 133 133 133 133 133 133 
80 103 124 119 30 133 96 133 82 75 22 113 38 12 133 66 74 133 133 68 133 133 133 133 119 133 133 133 41 133 133 45 103 85 85 133 133 133 6 16 133 133 133 133 120 133 133 133 133 133 133 133 133 133 133 132 133 2 86 133 
46 36 53 66 88 133 112 14 130 133 11 7 117 66 125 133 122 133 133 133 133 5 133 133 85 120 133 103 133 133 133 133 133 18 133 102 128 133 69 133 133 133 133 117 133 133 133 133 56 133 133 133 133 133 133 133 133 133 133 
37 41 74 129 29 133 45 1 59 116 50 2 6 133 133 133 68 18 133 122 133 133 133 48 133 105 133 133 71 133 133 133 133 133 133 133 133 133 133 20 78 133 133 133 133 133 133 133 117 133 133 133 133 133 133 133 119 133 
54 119 111 38 8 81 27 70 22 79 35 133 123 133 20 133 133 133 48 57 133 117 133 125 133 133 133 75 133 133 133 12 133 2 133 101 133 133 133 28 133 133 133 133 133 133 119 133 25 133 91 133 133 133 133 133 44 
102 101 101 55 54 7 2 55 119 93 116 107 81 120 128 123 54 133 128 80 50 102 70 64 110 12 7 133 133 89 59 91 18 23 94 133 117 54 101 53 9 133 88 133 54 8 133 35 133 131 133 133 131 133 133 133 
131 53 7 55 129 131 30 30 105 81 6 43 54 56 35 85 133 133 42 115 74 25 66 20 102 133 66 133 114 86 126 103 116 117 102 125 125 133 133 77 133 88 133 133 133 54 101 133 69 120 6 85 133 133 133 
22 104 133 63 118 39 34 6 125 69 41 133 133 133 133 133 116 119 41 32 133 133 133 133 101 10 2 54 133 56 3 131 101 47 133 133 133 133 101 127 133 133 133 66 133 133 133 133 133 133 133 133 133 133 
94 133 39 33 97 71 55 102 85 18 133 50 133 44 112 83 69 133 17 74 15 133 133 115 133 54 133 133 133 133 53 30 133 133 133 11 133 69 13 133 133 133 133 133 133 133 104 133 81 133 133 133 133 
119 67 40 65 133 6 88 129 55 133 52 100 38 126 7 101 133 19 133 45 133 28 133 42 117 133 133 133 133 133 30 133 133 133 133 133 133 133 133 14 133 2 133 133 133 133 114 80 133 133 133 133 
65 73 99 78 120 47 133 133 118 133 92 127 133 93 133 56 133 133 133 133 39 31 133 133 133 35 133 133 133 133 105 133 133 106 133 102 133 133 109 133 133 133 133 133 133 133 133 133 85 133 133 
52 109 31 7 129 85 129 119 110 64 124 133 44 30 54 133 55 133 129 19 133 70 133 12 2 6 133 102 69 133 133 133 133 133 133 116 133 5 133 120 133 123 133 133 133 133 133 133 133 15 
72 89 133 7 85 7 88 133 37 133 133 133 12 133 16 55 133 88 133 133 133 133 125 133 7 47 133 74 31 133 133 133 18 133 79 133 27 61 53 133 133 133 133 133 133 127 133 133 111 
129 69 117 69 54 2 100 58 133 91 98 125 133 133 69 133 133 73 49 77 56 133 133 133 133 133 133 133 133 133 133 133 53 133 133 133 133 133 96 133 133 133 133 94 133 133 133 133 
125 101 125 102 25 114 36 133 95 133 88 133 42 133 130 133 133 133 63 102 133 133 131 133 133 103 133 133 133 133 32 41 133 100 133 133 133 121 133 133 133 133 133 133 133 133 133 
89 78 121 85 69 69 119 117 102 133 26 74 36 35 113 12 52 74 22 13 28 95 54 133 10 120 2 2 125 74 45 117 133 55 133 74 30 133 54 129 12 35 133 129 133 123 
132 4 2 128 12 88 47 64 121 20 88 131 55 70 125 85 119 72 60 78 133 133 83 25 2 30 85 133 133 50 69 35 6 133 133 133 88 133 133 133 133 85 133 133 12 
8 69 54 85 56 30 30 126 0 101 63 6 59 55 133 41 79 70 65 44 85 49 60 56 66 120 12 35 40 35 53 125 66 37 47 12 102 133 133 69 133 133 133 133 
101 131 123 119 88 12 115 71 101 39 119 98 12 88 69 19 133 128 58 117 33 99 125 53 53 133 54 25 133 133 47 101 104 133 18 41 133 133 133 133 6 133 133 
124 42 94 56 101 102 47 39 88 133 7 46 33 40 123 69 7 133 133 133 6 22 133 133 133 28 101 133 36 133 0 133 133 133 81 113 133 133 84 133 133 133 
86 15 106 48 103 85 127 125 133 12 44 133 133 123 64 119 133 122 88 2 13 130 133 133 3 47 133 133 133 133 133 133 133 133 133 133 133 133 133 133 108 
73 3 97 47 74 107 2 61 17 76 133 133 133 133 53 85 20 133 53 133 60 67 133 133 102 133 133 9 133 133 43 133 133 27 133 133 133 133 38 133 
92 70 133 36 133 117 120 133 20 67 133 2 41 2 133 133 133 47 133 49 133 133 133 53 133 97 133 133 55 133 133 133 63 133 83 1 125 133 133 
27 74 101 61 2 4 47 30 52 31 2 101 6 54 82 88 52 14 6 133 15 133 30 63 133 133 133 133 133 12 133 5 43 123 133 133 133 22 
30 129 13 119 96 6 65 18 28 69 133 53 133 76 120 35 133 133 133 133 133 2 133 133 133 133 64 78 133 133 69 133 133 133 133 133 117 
24 133 10 55 114 12 103 102 15 49 6 92 41 64 93 103 69 35 133 101 19 56 120 133 133 5 18 133 30 35 47 85 102 133 2 102 
101 96 128 25 120 103 120 40 31 33 83 88 121 18 35 133 2 133 133 133 69 55 133 12 133 133 133 133 133 12 133 133 133 133 53 
35 36 7 24 53 49 35 66 69 103 55 129 6 75 67 78 132 52 69 108 133 105 133 133 133 133 133 133 133 133 133 133 133 133 
119 51 120 120 41 61 115 43 21 30 107 75 103 24 125 55 125 48 101 133 103 54 133 133 133 41 102 133 133 133 133 133 53 
103 14 63 114 64 123 56 128 51 47 53 34 84 54 133 133 133 80 133 95 133 133 68 133 133 133 133 133 133 133 133 89 
102 133 101 12 4 48 116 41 127 11 18 18 120 102 131 109 133 133 133 64 106 102 133 85 131 133 133 2 120 133 133 
111 82 131 133 41 129 31 41 125 133 11 4 58 133 133 25 81 133 133 133 133 8 133 72 133 114 32 133 3 90 
11 74 53 123 66 118 133 101 97 133 92 108 22 18 133 133 16 133 85 70 106 38 133 0 133 133 77 133 133 
12 131 69 56 133 103 131 133 21 133 80 133 133 50 133 81 133 129 133 67 78 59 133 133 133 6 55 133 
129 45 59 55 21 112 66 133 55 69 102 65 6 117 47 66 82 133 133 133 88 133 102 30 88 7 133 
91 20 74 46 127 54 88 7 66 53 17 125 55 30 102 40 133 133 2 129 101 133 66 133 12 55 
16 54 73 107 64 64 56 123 120 49 66 85 133 56 113 26 53 133 133 131 119 133 55 54 35 
47 39 3 64 133 133 53 74 23 30 56 133 64 9 133 18 133 12 133 133 35 133 56 133 
74 103 107 121 129 38 1 18 44 92 133 133 88 8 35 32 133 133 133 46 133 87 133 
32 102 12 85 133 2 115 41 55 54 66 89 133 30 131 55 30 133 103 128 133 123 
7 85 74 6 18 42 6 103 30 85 55 41 133 133 133 85 30 128 125 133 54 
125 133 74 124 47 88 122 39 24 53 110 132 93 133 133 133 2 99 84 133 
62 115 66 7 14 72 57 81 66 40 133 110 99 133 133 133 100 133 133 
124 93 64 133 133 45 44 117 133 90 133 108 133 133 133 133 103 133 
92 35 109 133 52 9 54 22 5 87 7 57 79 73 88 133 85 
53 96 61 87 4 7 128 82 107 95 105 73 133 76 35 31 
55 6 133 128 60 56 69 133 54 53 128 133 18 53 74 
57 4 72 119 115 133 133 133 133 64 133 126 133 104 
60 133 53 1 24 34 133 106 110 75 133 28 133 
67 18 133 51 133 84 11 48 23 56 133 133 
30 80 83 25 111 42 99 119 133 19 57 
119 41 6 53 102 47 133 85 74 131 
61 29 89 60 37 133 133 66 133 
19 16 15 26 49 1 63 133 
58 14 133 124 24 40 10 
133 124 43 118 81 132 
97 133 33 133 133 
125 91 133 133 
21 94 133 
133 101 
133 

