100 183
131 183 183 108 183 175 52 156 183 142 183 183 146 100 133 153 27 24 166 183 2 183 94 183 183 183 183 137 183 183 183 183 183 183 183 57 183 183 183 183 8 183 183 149 183 183 183 183 183 183 183 183 183 183 183 183 183 183 183 183 183 171 183 183 35 5 174 24 183 65 161 183 183 71 183 169 121 183 183 183 98 183 117 112 183 145 116 13 183 147 183 138 183 15 164 160 69 0 55 
38 76 133 15 146 22 183 168 48 183 38 115 94 183 183 87 68 183 75 183 183 42 183 183 109 183 183 170 183 183 183 183 183 183 113 183 183 183 70 183 183 55 183 183 183 183 183 183 183 183 183 183 42 183 183 183 183 183 92 110 57 100 183 55 96 183 183 183 183 170 183 183 12 183 183 28 142 145 111 183 183 85 183 32 183 176 18 62 183 122 154 46 21 98 174 183 94 16 
51 94 73 58 77 174 174 175 161 19 160 152 57 145 183 160 55 44 65 114 14 100 38 183 183 183 50 51 183 183 174 183 58 183 91 183 168 114 183 77 129 156 94 122 65 73 183 183 183 183 183 145 183 171 170 66 183 183 94 183 63 168 107 94 167 12 44 183 183 9 51 183 183 42 73 183 73 65 183 113 183 183 183 165 149 58 170 0 174 183 0 92 66 134 57 142 57 
143 183 29 70 183 183 13 183 42 4 65 117 183 183 180 75 183 162 157 183 183 183 183 183 141 55 183 183 183 183 183 183 183 183 183 146 183 183 183 183 183 183 183 183 183 183 183 183 20 183 183 183 183 183 14 73 149 183 183 183 183 183 183 183 3 183 183 112 86 183 183 183 148 119 53 89 169 122 183 183 7 39 183 155 183 183 183 26 61 136 168 118 66 158 114 131 
116 166 42 119 172 149 44 183 78 57 183 183 13 183 36 41 107 183 183 183 183 183 183 6 183 130 183 154 159 183 183 183 183 183 183 183 183 183 79 183 183 183 183 183 183 183 183 183 44 183 183 61 183 183 170 24 183 183 114 183 113 183 73 175 183 114 183 168 183 183 57 183 70 68 183 183 183 183 183 18 49 92 183 183 20 109 183 11 183 176 2 42 15 42 101 
174 170 32 127 148 73 113 183 55 183 114 37 102 130 43 91 183 57 125 34 115 161 183 183 183 183 183 183 183 183 73 92 44 183 64 135 183 183 183 183 183 183 183 11 183 183 75 183 183 183 183 183 183 86 183 183 44 183 183 183 54 171 183 183 168 183 183 183 183 183 30 183 183 183 183 183 183 52 183 3 55 47 183 183 126 183 40 36 183 183 100 162 42 172 
112 37 183 152 94 183 183 79 183 48 183 183 183 178 19 71 183 183 10 183 131 144 183 158 183 183 85 183 183 183 183 94 183 34 183 183 183 183 183 183 183 163 183 183 183 183 183 183 183 183 183 172 183 160 183 183 24 183 86 183 183 175 183 171 105 24 183 183 183 183 183 40 30 98 183 27 183 183 183 145 14 1 183 183 20 79 113 72 89 114 7 183 13 
183 183 56 175 149 183 92 38 183 11 94 69 181 50 183 183 176 100 183 177 54 3 6 183 183 183 183 63 149 92 24 182 183 183 183 183 170 183 183 183 158 183 183 183 183 183 183 183 183 183 183 24 183 183 175 174 183 183 183 51 183 183 183 183 183 183 183 183 39 139 183 183 183 183 138 183 183 53 73 183 2 183 183 15 183 166 28 21 42 133 35 114 
74 183 183 42 183 92 55 111 183 183 118 87 178 162 24 183 183 59 183 183 171 15 122 183 183 183 43 183 183 92 77 183 183 183 174 51 183 183 183 183 115 183 29 183 183 183 183 183 150 183 94 183 183 183 183 183 44 60 79 183 183 183 183 113 183 183 148 183 183 158 160 183 183 183 116 131 183 44 23 183 41 183 183 98 50 84 64 79 183 183 102 
30 145 66 49 44 162 25 35 183 104 132 59 131 170 102 117 183 183 145 100 183 108 183 81 183 47 100 145 183 183 128 183 183 3 170 183 183 183 129 183 115 183 134 183 183 183 183 183 183 183 42 183 35 183 183 183 183 183 183 7 183 183 183 183 78 1 183 183 183 76 183 183 183 183 183 183 183 154 183 17 24 146 4 183 169 14 145 183 183 89 
66 66 20 168 105 162 33 157 150 183 181 183 65 183 183 12 89 183 79 144 172 75 82 183 183 145 183 183 183 183 6 183 183 183 183 183 183 183 183 183 183 183 183 183 183 183 183 183 100 183 183 94 183 183 183 39 79 183 183 57 183 183 123 183 80 183 183 183 158 183 183 183 183 98 94 57 137 183 183 183 183 107 183 183 170 79 125 77 116 
183 92 109 73 113 114 114 65 24 73 38 2 183 183 160 113 90 21 35 86 100 58 114 149 127 80 183 100 65 42 183 115 67 183 75 77 183 38 174 42 183 183 183 183 92 183 183 182 183 183 56 183 168 93 183 98 118 183 183 183 183 145 3 183 183 183 183 86 183 183 77 183 183 55 175 183 183 183 57 35 183 35 175 113 125 183 102 171 
183 16 66 183 171 168 55 77 170 65 62 174 24 66 55 42 141 79 170 168 57 65 86 29 82 34 0 79 66 183 39 99 183 152 86 35 170 168 35 170 51 114 94 171 170 183 59 140 183 63 183 183 183 160 109 183 183 147 183 8 183 183 183 183 183 183 183 183 183 183 183 183 183 41 66 183 183 0 183 183 183 183 44 23 38 20 77 
183 82 167 183 183 9 45 56 12 183 183 164 7 106 70 73 183 54 104 183 180 85 174 183 183 52 182 183 183 77 183 183 183 183 183 183 183 157 97 114 183 183 183 183 183 183 160 183 170 65 183 183 183 51 183 183 183 175 170 183 183 183 183 58 183 183 183 183 183 183 33 183 183 183 183 95 183 125 177 159 183 183 114 116 35 183 
149 86 94 58 92 175 77 44 179 114 183 145 114 94 46 65 35 0 171 0 114 183 48 82 77 183 3 183 103 183 183 143 145 183 3 183 183 183 41 183 183 183 174 114 162 142 149 183 183 183 87 183 157 93 183 183 183 183 183 183 183 183 183 183 183 183 170 183 183 183 38 18 183 183 94 42 183 183 170 114 174 118 183 127 86 
83 178 166 135 136 106 120 183 23 95 183 32 168 66 171 183 65 165 78 111 113 183 183 3 139 64 75 149 183 15 183 183 57 183 175 183 183 183 183 183 183 183 183 183 183 183 183 183 183 183 183 183 0 183 183 183 183 66 183 183 183 183 183 183 49 79 183 183 183 183 92 183 37 183 183 183 158 183 183 183 183 183 170 34 
88 7 101 129 160 2 114 183 183 183 108 180 175 140 152 183 54 183 183 145 183 183 60 27 59 183 183 51 183 183 58 183 183 183 183 183 183 164 28 154 183 183 183 183 183 51 183 183 170 183 65 42 183 35 183 183 183 183 77 183 183 183 183 183 35 183 183 183 183 183 183 183 0 183 183 183 15 147 183 57 183 55 121 
32 26 183 12 127 160 86 120 39 119 183 170 57 52 183 95 183 183 170 77 183 183 183 163 18 170 86 183 183 183 183 183 183 183 183 183 183 71 183 183 183 183 183 183 183 171 109 57 183 183 58 183 183 6 183 183 174 183 183 183 183 183 183 183 183 25 183 183 86 36 165 21 183 79 151 156 1 183 183 64 183 183 
45 99 108 50 51 123 64 148 105 96 168 174 88 183 118 103 3 79 35 183 42 183 83 183 79 183 163 175 183 183 181 183 183 183 183 183 183 183 183 63 183 58 183 183 183 131 183 183 183 183 183 183 183 66 183 182 183 183 183 183 183 183 62 183 183 183 183 24 183 183 183 183 100 183 183 183 183 183 183 160 112 
84 183 62 55 116 51 41 90 99 160 183 183 183 183 131 183 183 183 38 147 10 172 121 183 183 28 183 183 183 183 183 183 183 183 183 183 183 111 183 183 183 183 175 183 183 183 183 183 94 183 183 183 183 96 183 183 183 183 183 183 183 183 183 183 183 183 3 183 183 183 154 183 132 183 80 151 35 183 42 183 
183 177 3 36 25 17 11 183 183 40 31 169 155 183 68 58 183 100 183 183 183 183 183 183 130 183 183 183 183 183 183 183 183 162 74 163 183 183 65 183 117 183 24 183 0 183 183 183 183 183 183 183 183 183 183 183 183 80 183 183 183 183 183 183 183 183 8 148 104 183 183 183 183 183 115 183 183 96 183 
33 0 11 183 183 183 25 183 183 183 166 123 183 168 183 0 183 183 9 62 183 38 183 70 58 104 183 5 52 119 183 170 126 152 183 183 183 183 183 183 183 183 183 100 183 183 183 183 183 183 183 183 183 183 183 183 183 183 183 183 183 144 183 183 170 183 183 183 183 55 183 183 26 183 94 183 3 183 
145 7 31 139 183 76 170 183 90 47 183 183 183 183 183 100 46 183 63 107 77 35 183 77 101 29 147 3 183 183 183 102 183 183 183 103 35 42 183 66 183 183 183 183 35 183 183 114 41 183 183 183 183 183 183 183 183 183 183 183 183 141 183 113 183 183 183 183 183 183 142 183 183 145 183 3 183 
170 79 3 77 145 131 170 44 100 66 57 42 52 46 91 145 65 55 92 13 31 24 183 170 44 183 66 77 38 63 183 113 183 183 183 136 144 183 30 11 42 183 183 183 183 183 183 168 183 183 42 183 183 114 183 79 183 113 183 183 183 35 183 183 183 183 73 79 65 44 171 114 69 170 126 73 
85 143 33 178 94 139 19 183 183 183 14 86 38 92 135 183 79 183 55 183 183 174 183 183 183 153 183 98 58 183 24 76 183 18 183 183 183 183 183 183 114 183 183 38 61 183 183 77 183 183 26 183 183 183 183 183 183 183 183 183 183 66 17 10 183 64 38 183 89 183 183 114 183 175 183 
167 133 61 174 82 183 109 13 7 93 183 24 183 183 8 22 181 183 168 67 183 183 183 129 183 183 28 183 136 153 183 183 183 24 183 53 183 183 183 65 183 24 183 183 183 183 183 183 124 183 183 183 144 183 32 183 183 132 183 183 66 183 183 183 183 65 183 183 183 183 73 183 0 183 
54 101 174 181 16 32 52 21 183 79 0 149 128 183 68 183 51 79 33 24 183 99 118 183 183 183 3 183 73 23 183 183 86 168 183 183 183 183 183 183 3 174 183 183 183 183 183 183 183 47 183 183 4 183 183 183 183 183 183 170 183 183 183 183 183 183 183 183 183 79 183 44 183 
164 38 78 183 56 60 162 179 168 171 44 29 183 183 183 65 94 183 183 183 183 183 183 183 150 183 142 183 160 30 26 183 38 183 183 183 183 183 183 183 183 183 183 183 145 183 183 183 183 183 183 121 183 183 183 183 183 122 35 183 95 183 183 183 42 183 183 183 183 183 55 183 
79 14 183 27 67 26 52 114 3 183 53 68 151 183 100 183 19 170 183 43 183 183 155 183 42 183 183 183 183 183 183 183 183 92 183 183 183 183 183 183 183 149 183 183 183 183 176 183 183 183 183 183 175 183 183 183 183 183 183 116 30 183 183 183 183 183 183 170 46 79 183 
3 94 113 24 51 42 146 183 132 38 73 114 168 49 110 174 183 183 51 175 65 0 183 8 42 183 3 51 51 163 159 183 183 183 183 119 183 70 85 183 117 183 45 92 55 183 183 183 183 183 183 66 183 171 183 183 78 183 183 183 183 183 183 160 44 183 157 65 183 183 
145 159 30 141 183 44 160 57 13 131 48 183 183 65 183 183 91 150 183 71 183 183 183 32 97 183 183 183 168 183 9 183 100 183 183 183 183 183 183 183 183 183 183 123 183 183 183 183 175 183 183 183 183 183 183 145 183 183 183 183 183 183 183 183 183 66 183 65 62 
18 101 168 103 73 55 100 173 183 183 27 57 42 183 3 64 37 43 183 183 151 114 1 183 144 183 175 183 66 183 183 183 183 183 183 183 183 183 183 78 183 183 183 183 164 183 183 183 183 183 183 183 183 183 183 183 183 93 183 183 183 4 183 183 183 183 183 183 
91 83 66 92 86 168 183 107 25 123 55 0 9 168 156 138 16 183 130 183 86 183 70 183 183 183 183 57 72 183 170 11 183 183 183 24 183 92 183 183 183 183 183 183 183 183 183 183 97 183 183 183 183 183 183 183 183 183 183 183 98 183 183 77 54 24 183 
183 131 100 183 183 183 183 183 156 58 44 5 183 137 183 183 183 16 183 160 183 108 183 160 183 183 183 183 183 3 183 170 183 171 65 183 183 183 183 183 14 49 183 105 183 183 119 183 183 183 183 104 113 183 183 183 183 183 183 183 183 183 160 96 183 183 
59 100 66 117 19 167 175 149 183 175 183 183 24 120 143 2 81 183 113 113 79 153 183 31 183 183 126 183 79 183 73 183 183 183 183 145 183 183 183 128 97 183 183 183 183 183 183 37 135 176 183 183 77 183 183 183 183 183 183 106 183 183 183 183 183 
171 160 44 62 60 115 183 65 183 183 100 180 75 183 183 139 110 183 143 183 157 154 183 183 183 183 183 183 29 183 183 183 183 1 183 183 183 18 183 183 183 183 183 173 23 183 183 183 183 183 149 183 183 183 183 183 183 183 183 183 58 183 183 25 
76 59 35 100 38 183 80 85 55 132 183 44 183 65 104 38 69 38 100 94 57 42 164 5 42 111 26 168 183 183 183 108 160 183 73 105 0 100 183 183 183 86 183 92 183 35 183 86 44 22 55 183 44 183 183 51 183 0 79 183 183 183 149 
115 79 79 66 66 161 17 168 146 183 183 86 183 183 114 182 57 86 57 55 100 183 9 183 108 74 65 130 86 1 183 114 43 183 84 183 183 175 183 183 92 183 160 183 149 175 183 183 6 183 183 175 183 183 183 183 183 168 183 183 90 183 
145 171 0 100 33 118 100 53 100 3 55 183 92 145 107 55 58 94 113 86 81 39 0 144 183 55 177 58 89 163 183 133 0 126 183 171 38 183 160 183 57 171 171 183 183 183 160 103 183 183 183 174 183 183 35 183 183 183 183 5 170 
17 183 54 145 55 84 175 183 183 183 183 180 183 183 114 65 81 183 40 183 171 101 145 159 176 183 93 183 183 183 44 183 183 183 183 183 183 183 183 183 183 183 183 183 183 183 175 183 138 183 183 161 183 183 183 183 183 183 183 183 
71 174 171 66 183 145 97 140 66 160 43 46 183 88 29 69 183 106 183 183 183 183 183 105 183 183 183 183 143 58 183 183 183 156 183 183 183 183 183 183 183 183 183 183 61 183 183 41 183 183 183 183 183 183 183 113 183 183 183 
103 0 160 158 0 88 27 133 131 60 149 183 183 183 183 40 183 145 55 183 35 113 183 73 183 42 183 183 183 183 183 183 181 183 183 183 183 183 183 183 183 183 56 183 183 183 183 183 183 183 183 183 183 183 175 183 183 183 
170 3 86 113 35 24 183 183 163 101 79 39 183 124 183 179 183 183 22 183 79 183 42 81 183 183 183 57 183 183 91 110 172 183 61 84 53 135 183 183 183 183 183 183 183 183 183 183 183 183 183 183 183 183 183 42 111 
140 44 141 183 58 175 94 73 3 134 114 113 94 66 183 183 173 57 183 68 183 18 183 183 72 183 10 183 1 66 183 145 183 183 183 183 183 113 44 183 183 183 183 183 44 183 183 114 183 183 183 183 183 183 150 183 
79 30 160 171 44 113 183 35 161 183 183 170 160 55 93 183 171 141 183 58 180 0 183 155 3 183 66 22 175 183 86 114 183 171 73 160 58 114 183 51 44 183 94 183 55 160 92 171 183 57 66 56 183 183 51 
66 121 183 74 164 179 144 114 77 48 0 148 50 24 38 183 160 73 183 183 183 183 183 88 113 126 183 183 183 183 183 183 183 183 39 183 183 183 183 183 79 104 183 183 183 183 183 183 183 183 145 183 183 183 
160 77 42 35 183 44 21 0 100 24 183 175 27 102 58 99 149 57 183 160 130 110 183 39 86 183 183 183 57 175 24 38 0 183 57 183 183 79 183 151 183 183 183 3 42 183 73 183 183 33 183 43 183 
49 2 83 107 166 77 179 27 82 76 183 94 3 154 183 55 128 94 21 183 145 140 168 183 3 183 183 183 183 183 183 183 134 167 183 183 13 183 168 183 183 183 183 183 183 69 183 183 183 183 183 183 
19 54 10 135 79 123 84 20 175 80 171 183 183 24 114 183 175 36 3 183 183 183 106 183 183 118 183 183 183 183 183 183 183 183 183 183 101 145 183 183 183 183 183 183 183 88 183 174 183 183 183 
132 183 176 168 124 55 83 177 44 183 149 90 183 57 14 86 87 65 66 183 183 42 183 183 72 121 151 183 183 183 183 139 183 183 183 183 77 183 131 183 165 183 183 183 183 183 183 183 77 183 
64 17 38 176 123 111 140 45 73 86 183 55 183 173 24 183 58 183 138 73 67 183 183 183 133 183 183 183 183 150 183 53 183 183 81 183 183 60 183 183 183 183 183 183 183 57 183 175 183 
126 174 52 72 131 124 93 44 92 183 174 92 95 168 68 79 183 183 171 127 160 183 183 183 183 183 63 183 106 183 183 183 183 183 183 183 183 183 144 183 183 183 183 183 51 183 183 183 
77 132 171 183 183 183 145 183 183 183 168 183 57 86 183 79 136 44 183 183 40 183 183 183 112 183 183 183 183 52 183 183 183 183 61 183 183 183 102 183 183 16 183 44 183 51 152 
175 100 175 58 58 85 87 42 167 1 114 183 100 62 30 149 84 57 25 3 113 58 58 183 24 94 24 183 183 183 183 183 139 55 183 171 183 183 183 183 183 183 183 183 183 183 
183 183 183 183 160 38 183 183 86 172 100 24 183 168 125 92 28 183 183 183 61 183 183 183 117 183 183 183 183 183 183 58 183 64 183 183 183 73 53 183 183 183 183 183 183 
167 161 135 24 3 137 149 183 183 77 134 183 94 2 183 13 66 183 183 183 120 183 183 183 14 183 183 1 183 183 92 183 183 183 183 183 183 183 114 183 160 183 183 183 
34 183 145 114 182 51 183 183 170 155 73 79 183 183 183 183 30 18 32 183 183 183 183 183 71 183 183 50 183 183 183 183 183 161 183 183 183 183 183 24 183 66 183 
39 92 51 98 86 42 183 183 82 100 79 78 170 173 79 22 183 92 74 183 8 183 36 99 97 183 84 126 114 183 183 183 183 183 183 183 183 183 183 183 183 183 
183 77 2 44 66 36 168 9 183 44 24 174 183 79 183 173 183 38 183 150 183 183 183 41 183 183 82 58 183 183 16 183 183 183 183 183 183 0 48 183 183 
95 171 112 105 0 169 44 178 56 159 65 65 29 183 35 35 35 42 183 57 57 183 183 183 38 183 102 51 183 0 183 57 183 114 66 100 140 183 183 183 
79 177 135 145 60 77 161 183 38 169 38 56 3 183 114 92 66 183 65 183 92 65 170 86 66 17 183 0 42 55 38 183 160 42 183 98 183 129 183 
175 35 146 66 6 183 77 114 160 109 92 183 183 183 10 31 183 183 183 183 153 161 183 183 183 183 183 183 38 23 86 183 120 183 183 99 183 183 
82 77 41 183 4 53 183 29 66 183 160 183 58 77 183 38 0 183 183 117 183 94 73 34 183 55 183 55 168 183 183 183 183 10 24 97 38 
55 23 55 106 139 145 137 57 183 171 73 145 44 183 170 174 38 3 51 66 73 175 99 44 168 183 42 183 183 160 183 183 152 145 183 183 
149 162 86 183 183 114 81 183 48 183 183 52 163 22 139 31 80 165 37 140 183 44 183 183 67 183 183 183 183 183 183 44 59 174 78 
86 83 121 160 126 92 183 183 86 57 38 183 86 77 0 183 35 160 183 94 37 94 38 183 183 171 183 183 183 55 183 183 141 183 
174 79 141 77 118 183 34 183 165 71 8 45 64 180 183 19 183 183 183 183 183 99 183 183 49 183 183 183 183 183 183 183 183 
0 77 177 57 59 170 92 92 0 73 183 77 160 183 183 38 175 57 5 58 92 86 168 168 183 183 183 73 44 0 56 183 
55 82 175 50 0 65 183 183 57 183 86 42 183 183 183 55 145 158 145 3 77 114 171 183 183 3 0 88 73 76 77 
170 183 51 20 89 14 12 84 154 111 112 87 183 183 127 93 51 113 183 183 119 183 30 27 183 183 77 118 183 183 
77 49 3 94 183 24 86 183 79 149 183 42 55 183 57 183 114 183 171 73 94 0 38 38 160 183 24 179 183 
183 12 179 129 183 151 116 183 15 169 137 183 183 22 57 183 183 183 183 183 183 144 183 183 183 4 55 183 
38 0 160 66 168 168 57 183 174 100 149 58 183 108 174 183 73 44 42 174 94 183 38 14 183 47 183 
148 113 31 183 118 23 154 132 108 41 136 183 57 107 172 168 183 69 60 130 143 183 170 183 145 124 
147 100 76 183 183 183 178 105 63 67 183 183 183 183 183 90 134 22 183 183 183 35 183 3 183 
82 183 137 18 183 183 81 96 65 169 92 5 101 183 37 183 183 20 40 125 183 183 183 183 
21 183 183 161 149 183 163 87 80 92 183 178 173 183 33 45 122 183 183 183 83 113 183 
41 127 137 47 183 10 179 183 183 82 126 2 54 120 166 67 64 183 55 183 183 72 
43 5 183 103 159 183 98 57 35 183 112 152 50 183 62 23 183 79 124 145 61 
148 46 17 183 147 128 183 183 157 165 45 183 12 26 183 126 57 6 183 163 
72 61 153 92 183 79 183 67 183 183 183 178 183 183 183 145 183 183 182 
88 91 183 74 77 44 56 24 183 4 65 183 118 45 79 155 183 183 
82 178 26 86 141 96 48 79 130 122 133 183 183 183 156 79 183 
31 89 3 183 58 28 4 169 137 183 36 167 44 97 183 138 
183 170 183 15 125 150 142 58 169 103 183 38 16 183 83 
149 7 86 18 40 110 183 183 183 91 100 183 174 183 
79 51 149 183 145 183 183 0 86 39 183 109 183 
183 180 95 24 54 31 129 124 42 181 114 183 
25 80 183 111 183 183 20 58 173 160 183 
122 153 155 63 183 33 0 1 183 183 
183 6 71 183 25 77 164 149 11 
129 183 123 70 65 183 183 90 
16 46 134 0 183 57 27 
183 85 0 58 183 47 
69 113 128 92 17 
86 74 175 110 
183 21 77 
94 119 
57 

