100 164
81 82 22 97 25 32 112 60 40 112 112 72 82 96 96 82 157 15 72 60 123 11 164 8 116 11 164 164 164 28 164 96 8 79 164 70 29 129 5 164 164 164 96 164 60 112 13 157 164 2 121 164 56 164 164 164 65 128 164 10 156 5 164 11 164 164 129 110 22 164 164 164 66 164 32 164 87 164 136 164 160 164 32 164 164 164 25 96 117 104 116 157 113 105 164 164 89 157 125 
78 134 158 28 164 12 164 116 85 164 97 45 86 159 93 164 164 110 164 48 164 164 164 123 164 160 164 164 164 69 164 164 72 164 164 164 56 164 42 164 164 164 164 164 164 164 164 164 123 157 164 164 164 33 36 164 164 164 164 43 164 164 164 164 164 111 11 164 164 164 7 164 164 60 164 164 164 123 126 96 164 6 41 164 49 30 76 164 22 23 154 164 153 164 84 57 164 112 
151 134 41 50 163 164 116 164 59 114 131 85 77 8 164 79 164 164 164 51 164 58 164 164 164 28 161 25 164 164 164 96 164 164 11 164 164 164 164 164 29 92 164 164 96 164 164 164 89 164 82 164 115 164 164 164 164 89 157 164 164 124 164 164 164 32 164 164 34 40 5 164 164 154 164 164 113 67 5 73 99 159 164 164 164 164 164 8 91 164 149 164 120 164 164 24 20 
164 67 164 29 137 72 152 141 164 94 138 164 164 41 30 164 70 34 164 96 101 164 57 164 164 164 65 164 164 164 72 164 87 11 164 164 164 164 164 3 164 164 164 129 164 164 89 164 164 147 75 164 164 164 164 164 164 87 77 164 164 164 164 164 157 164 164 164 164 164 17 164 164 164 164 97 164 58 164 139 161 164 136 164 130 71 82 142 107 164 9 19 164 68 108 11 
164 9 150 35 15 164 164 164 114 164 164 164 164 75 164 129 69 164 1 164 164 164 61 164 62 11 141 164 148 164 164 164 60 164 164 164 140 164 164 164 164 164 164 164 164 112 164 77 164 164 164 164 164 117 164 123 25 16 164 164 126 164 164 22 164 164 164 164 129 164 164 164 0 86 157 164 147 109 68 2 115 88 164 14 164 15 51 164 164 49 98 64 164 132 65 
68 44 152 123 37 164 91 164 164 138 18 77 164 11 64 164 164 164 86 58 164 36 164 6 164 164 164 164 164 164 164 164 164 164 164 164 164 164 164 164 164 105 164 164 70 164 164 112 164 164 164 164 96 164 20 164 164 164 164 164 164 164 22 164 23 164 164 45 128 164 164 147 10 164 78 164 54 164 150 131 164 16 153 124 43 164 50 31 0 132 164 164 164 15 
64 51 25 164 143 38 8 41 163 86 84 148 53 164 164 164 164 164 104 40 164 164 164 164 61 47 164 113 99 164 164 160 164 81 164 164 164 62 164 164 164 164 164 164 20 164 164 164 164 164 164 43 164 97 164 164 164 164 66 164 164 20 11 164 164 164 129 164 16 164 164 67 82 164 164 164 164 164 92 75 164 158 164 58 37 164 131 164 164 23 164 14 157 
67 97 149 164 164 15 164 164 164 9 164 164 155 92 164 51 164 164 164 83 31 164 105 33 122 60 164 158 10 164 85 164 164 164 164 164 164 164 164 97 164 164 164 164 130 164 164 53 164 164 11 164 129 81 164 164 46 164 86 164 65 164 164 164 76 112 164 164 164 164 164 72 164 113 164 164 27 164 34 96 164 91 105 68 164 164 164 164 75 36 107 81 
11 74 10 18 164 119 141 129 164 164 164 43 154 164 106 104 61 100 164 164 164 164 164 164 164 72 164 164 45 164 164 164 164 164 76 164 21 148 96 164 164 72 164 164 164 164 164 164 164 164 164 15 164 164 164 164 164 164 164 32 124 164 164 164 157 164 164 164 151 156 164 164 105 164 85 102 164 164 92 164 164 164 155 143 6 164 111 71 127 144 22 
157 43 89 164 97 5 72 147 147 58 82 45 89 120 118 157 113 164 25 164 17 45 116 8 142 164 96 37 117 45 157 129 60 25 81 70 147 157 164 164 118 10 58 92 60 164 164 15 27 129 50 149 164 45 97 129 70 164 124 22 164 89 164 84 82 164 164 164 164 76 43 46 164 113 72 164 97 43 8 164 41 164 105 164 97 164 20 117 147 26 
24 11 150 126 40 138 35 164 44 53 119 164 164 164 164 9 54 143 79 164 164 160 1 164 71 164 164 164 151 164 128 164 115 164 164 164 164 164 164 117 105 164 164 164 164 164 164 164 164 82 70 164 164 164 164 164 164 123 127 164 164 147 65 164 70 164 164 164 147 164 147 164 164 164 164 94 164 164 164 32 164 78 163 164 164 103 157 64 45 
164 33 164 49 164 28 164 42 154 16 26 136 54 4 34 76 164 164 45 107 164 164 164 106 164 43 164 164 164 53 164 164 164 9 164 164 164 164 8 164 164 164 58 164 164 164 87 164 129 5 31 164 164 164 164 164 20 164 164 164 164 96 164 164 164 116 164 147 164 123 98 123 156 164 97 164 164 47 32 164 164 133 20 164 164 164 139 22 
138 2 62 75 45 164 116 164 4 107 164 164 164 88 94 56 67 89 164 140 164 58 164 24 70 164 122 164 164 164 164 164 164 164 164 90 164 164 58 164 164 164 26 164 164 22 164 15 164 164 164 137 164 95 17 164 164 164 164 164 164 164 164 164 48 164 87 164 20 164 164 54 164 164 164 13 164 45 164 61 93 12 164 164 7 0 43 
164 158 57 102 63 49 27 98 71 164 164 66 85 3 164 55 4 164 88 54 164 104 164 20 9 164 164 164 164 164 164 164 164 164 159 164 139 164 164 164 164 83 164 164 164 164 22 164 164 164 164 164 164 164 164 164 164 164 164 70 164 164 164 46 164 97 164 164 99 164 164 67 164 164 164 164 129 164 164 38 103 163 164 164 21 72 
125 164 21 134 34 133 148 106 98 103 164 94 130 164 131 164 164 4 164 112 164 90 164 128 164 45 137 164 164 164 164 164 87 164 164 123 164 164 164 164 110 164 164 164 6 164 164 164 164 164 164 164 164 43 164 164 164 164 164 164 164 164 164 12 81 33 22 164 164 75 164 164 122 164 14 164 164 164 164 102 164 161 76 146 164 
155 160 137 164 164 164 7 164 85 103 142 16 110 71 96 164 164 126 147 76 164 164 164 164 164 164 164 164 44 164 164 81 164 114 164 164 164 164 164 164 164 164 164 128 82 89 164 164 164 164 164 164 8 164 164 164 164 60 164 164 164 164 164 87 164 113 164 30 127 140 164 89 164 42 157 164 13 164 164 164 48 107 164 96 
34 37 164 134 111 77 156 15 54 29 164 164 164 65 164 92 69 25 135 49 116 164 12 115 164 164 107 103 164 164 164 164 164 157 12 164 25 164 164 164 164 164 3 164 164 164 164 164 164 164 91 82 158 159 164 164 164 164 164 164 64 164 123 82 113 53 164 164 164 164 164 62 164 82 164 56 164 164 164 164 164 123 45 
146 74 164 25 47 99 113 114 164 71 18 138 5 164 164 164 123 164 164 157 164 164 164 4 141 164 164 164 164 20 164 164 164 116 164 60 164 164 164 164 112 164 87 60 164 164 164 164 164 164 32 164 164 164 164 164 164 164 164 164 164 105 164 123 164 44 132 63 164 131 164 164 112 164 53 88 164 164 69 164 164 97 
78 164 82 164 19 18 164 124 164 150 164 11 24 56 14 97 8 33 112 93 51 98 164 142 164 164 164 90 82 164 65 113 82 164 113 164 164 164 164 164 164 164 164 164 164 164 164 164 102 8 164 164 164 164 11 164 144 38 164 164 60 164 164 164 164 81 101 164 164 164 164 11 139 76 164 7 68 164 164 164 58 
100 57 155 36 149 143 148 123 6 164 72 136 164 79 60 164 164 32 151 117 164 164 164 164 164 164 164 164 164 164 164 164 13 82 164 164 164 164 164 77 112 164 164 84 164 164 164 164 164 164 93 164 164 129 164 66 164 164 164 97 63 164 65 164 164 164 164 164 164 164 87 69 21 164 40 164 164 164 164 157 
164 121 139 19 102 39 35 78 127 164 130 164 37 164 147 164 97 164 87 164 164 164 22 164 164 33 164 111 164 58 81 86 164 164 164 164 164 164 115 147 164 164 164 164 164 164 164 105 164 164 164 164 164 164 164 164 164 85 164 29 82 164 49 164 164 164 164 2 164 117 119 95 164 164 164 146 69 164 164 
159 164 60 33 116 67 29 61 164 164 164 164 43 80 91 58 30 164 164 149 164 164 164 164 164 164 164 136 129 164 164 97 151 164 164 47 164 164 43 123 164 164 164 164 164 164 113 164 164 164 164 22 164 164 164 164 95 81 139 8 164 164 164 163 164 164 164 164 164 164 164 164 164 164 164 71 160 123 
164 163 55 122 50 79 102 70 46 18 164 45 164 164 164 164 20 119 164 35 17 53 164 164 164 150 164 116 45 9 129 164 151 164 164 164 164 164 164 164 164 164 164 164 164 123 164 164 86 164 112 164 164 164 74 164 157 164 113 164 164 164 164 164 164 164 164 82 62 164 164 164 164 164 21 164 5 
93 14 64 40 60 41 87 65 52 164 116 7 164 147 18 133 164 9 164 80 164 164 164 116 22 164 164 117 141 164 164 164 115 164 164 164 164 164 164 164 164 164 75 164 82 164 164 21 164 157 164 164 50 164 164 117 164 113 34 164 0 143 116 164 164 164 147 164 164 164 164 164 88 164 164 105 
117 164 68 164 26 147 38 24 13 5 102 120 89 62 164 78 158 139 164 164 57 164 81 164 164 11 164 164 164 23 69 164 137 164 164 164 164 164 164 164 164 164 164 120 164 42 164 164 164 164 164 164 164 164 164 164 129 164 164 164 164 164 164 164 164 43 164 164 164 164 164 164 134 164 96 
154 37 109 164 164 90 20 94 164 128 27 89 164 142 164 122 42 155 164 164 164 164 164 64 32 164 164 164 164 164 31 164 164 164 25 164 127 164 164 164 164 23 22 164 164 164 164 164 164 126 164 164 164 164 129 45 164 164 164 164 164 164 164 164 164 164 164 164 8 106 164 164 164 81 
0 49 80 82 164 155 77 11 90 16 32 121 164 164 164 72 78 73 164 164 164 132 164 58 11 164 164 164 164 164 164 164 134 70 164 164 164 164 17 164 164 164 164 164 164 164 81 164 31 32 164 164 164 164 87 164 164 164 164 164 164 164 164 123 164 164 164 164 164 136 164 164 43 
146 75 82 132 141 125 117 47 152 89 164 102 164 164 164 164 164 52 59 8 164 164 164 129 164 164 115 164 86 164 164 164 164 164 164 164 164 164 164 164 164 39 164 164 164 164 164 164 164 164 164 8 164 70 164 164 164 164 164 164 23 164 15 164 164 164 164 164 164 38 136 43 
40 113 121 164 99 43 164 22 105 43 137 151 0 164 73 164 4 132 43 145 164 116 164 23 164 164 164 164 42 147 164 45 70 7 164 88 164 164 164 81 164 164 164 164 164 164 164 164 164 164 97 164 164 164 164 164 164 25 164 164 164 96 164 164 164 164 164 164 164 19 89 
164 103 128 29 15 3 164 5 44 63 164 89 121 153 148 164 48 43 7 137 72 164 164 5 88 164 164 94 164 164 164 164 164 164 163 164 164 164 164 164 164 164 164 164 164 164 164 164 164 60 101 147 164 164 164 164 47 164 164 164 32 164 164 164 164 164 164 164 164 22 
129 112 82 127 87 20 135 89 112 8 81 123 45 164 89 89 57 60 123 90 88 164 69 15 5 164 105 40 87 164 103 164 164 22 43 96 65 49 164 164 60 164 125 164 164 97 164 164 42 164 55 164 164 89 164 164 11 116 164 0 129 164 164 164 164 89 164 164 104 
164 17 164 30 63 164 66 114 164 124 111 82 99 42 152 147 143 100 11 8 145 22 164 164 164 164 5 164 164 164 164 164 25 164 164 164 164 164 164 164 102 164 164 164 164 79 164 82 164 164 164 164 164 164 122 51 87 154 164 164 164 164 164 164 164 164 164 65 
73 5 162 124 164 164 106 43 114 27 164 69 164 37 164 35 164 164 164 74 82 51 117 91 126 164 161 32 164 164 164 5 139 164 164 8 164 164 164 164 164 164 164 164 164 164 164 164 164 164 164 164 164 164 164 84 10 65 164 164 164 164 164 164 164 164 58 
8 86 100 58 141 164 18 103 164 110 164 71 50 164 33 164 81 164 164 8 164 164 164 164 164 154 164 123 164 164 164 101 164 164 97 164 164 28 164 11 159 164 164 164 164 164 164 87 164 164 164 34 164 164 164 164 129 164 164 164 164 164 164 140 67 164 
58 112 78 164 147 81 164 60 147 43 164 164 102 105 117 62 12 105 52 123 58 65 112 159 164 118 101 164 117 11 43 164 96 84 117 164 65 164 68 72 164 8 164 22 104 164 136 164 164 164 164 164 65 164 164 35 87 70 164 164 157 15 164 164 114 
85 25 155 164 164 118 2 101 67 159 164 117 164 68 15 164 143 164 164 164 93 164 164 164 164 82 164 77 164 164 164 72 164 164 164 164 164 164 126 164 164 164 164 97 164 11 164 164 164 164 164 164 164 164 45 164 164 164 164 63 164 164 164 129 
11 164 19 164 117 107 164 134 116 7 123 161 95 164 70 164 72 31 164 164 66 72 164 164 15 93 164 164 164 164 164 65 164 164 164 118 164 147 164 164 56 164 96 164 164 164 164 164 57 164 164 164 164 164 164 64 164 164 164 148 164 83 164 
20 82 123 147 5 15 45 32 22 59 72 112 19 63 164 9 113 81 164 112 131 117 1 150 87 25 22 45 164 164 94 157 89 112 32 47 164 82 164 70 89 126 164 116 123 164 32 164 89 117 164 164 2 164 164 164 116 58 82 164 164 17 
164 162 73 80 95 55 67 164 96 21 13 8 164 24 11 0 164 38 164 164 164 123 22 164 164 164 164 1 164 164 164 164 164 164 164 164 36 164 164 164 113 164 58 164 164 164 164 164 164 164 164 15 103 164 164 164 164 164 164 164 147 
48 164 164 146 46 130 126 43 37 118 8 32 164 97 145 156 123 164 164 164 164 164 74 44 13 164 164 42 116 164 164 164 164 15 164 164 144 164 164 164 164 164 164 164 164 164 164 164 164 164 15 164 164 164 164 164 164 164 164 70 
155 158 133 70 164 92 20 142 125 43 8 10 65 108 135 59 164 164 152 96 105 26 164 164 164 29 127 20 164 164 164 164 58 164 164 164 32 164 8 164 97 164 164 164 164 164 9 164 164 164 164 164 22 164 99 100 149 164 97 
152 154 164 30 144 96 75 21 72 164 164 164 164 101 164 159 129 108 5 25 67 164 164 28 164 164 82 55 164 164 163 164 164 38 164 164 164 164 164 164 164 164 164 164 164 164 164 164 164 164 164 164 164 90 164 164 164 70 
41 160 125 109 58 12 94 5 123 59 32 164 162 90 164 164 164 164 164 164 128 3 55 100 18 164 164 26 65 164 82 164 164 164 164 164 117 164 164 164 25 164 164 85 164 127 38 164 164 164 164 164 164 164 164 164 112 
117 61 143 8 164 160 25 129 164 45 164 164 164 164 164 163 164 5 164 79 103 164 89 68 164 164 56 164 53 164 164 164 164 164 164 97 164 113 164 164 164 164 164 164 164 164 96 164 148 164 164 164 164 164 164 164 
164 116 89 28 131 87 112 56 164 68 164 66 164 164 164 164 164 146 80 8 106 164 164 87 9 164 2 108 164 71 164 83 164 164 164 164 81 64 154 164 164 164 164 164 164 129 164 32 164 164 164 164 164 164 58 
122 89 87 91 25 123 156 117 99 127 153 164 116 53 164 164 164 145 164 110 109 45 22 164 164 12 164 117 164 73 164 164 164 65 164 164 164 164 146 48 150 164 6 164 164 164 164 164 164 164 164 164 158 87 
72 77 28 105 96 55 147 54 1 83 164 164 164 11 70 47 164 64 27 99 164 60 164 164 164 96 22 151 81 164 98 121 20 164 164 164 164 164 164 164 164 164 164 164 164 164 164 164 164 164 164 164 20 
164 82 112 16 15 144 164 58 89 81 142 116 27 26 4 60 129 81 70 32 98 97 164 58 113 73 117 113 147 60 65 110 164 7 22 105 164 164 82 164 164 164 24 81 60 164 25 123 112 164 164 101 
164 70 97 48 164 133 138 124 153 117 121 25 8 164 38 164 41 26 120 164 164 164 164 164 65 164 164 164 164 164 45 164 164 164 164 164 164 164 164 164 164 164 164 164 164 164 164 164 156 164 164 
147 123 164 147 106 164 145 54 145 57 25 123 85 164 135 1 121 164 164 164 164 164 43 45 140 164 164 164 0 164 59 164 164 164 164 164 124 164 164 164 129 164 164 84 164 164 41 164 164 97 
149 164 68 87 81 112 45 162 105 29 137 157 157 32 164 113 112 56 72 70 25 112 9 70 164 32 164 164 143 164 161 58 8 20 20 45 164 65 20 16 116 32 70 70 43 15 72 32 14 
97 95 20 123 43 11 92 113 78 36 113 82 81 164 8 5 164 96 164 11 147 133 15 105 15 157 96 141 65 31 164 45 89 164 58 72 112 45 100 164 164 164 164 164 164 164 164 138 
113 40 4 16 164 15 164 140 157 164 37 159 3 164 44 81 144 164 164 164 11 164 88 164 164 164 20 98 164 164 120 60 164 0 161 164 164 43 164 164 164 164 164 164 164 164 81 
113 5 60 113 132 164 119 160 164 164 60 96 164 25 125 105 164 60 89 80 25 164 164 164 11 39 20 111 164 164 96 58 81 164 82 164 101 43 164 147 164 116 164 164 164 12 
119 131 55 97 164 22 81 50 164 162 20 3 164 129 71 164 164 164 164 164 30 35 164 164 164 125 157 164 164 164 164 164 76 164 164 105 164 164 164 126 164 164 164 164 11 
76 6 58 133 11 105 120 55 21 164 134 164 147 57 96 164 52 22 164 164 150 66 56 96 164 5 164 164 164 164 164 164 164 164 164 46 164 164 164 7 164 164 164 45 
142 164 32 11 116 150 52 164 88 122 98 164 164 37 161 164 164 164 164 164 164 39 164 104 164 164 28 164 164 164 164 164 164 164 164 164 14 94 85 164 95 164 15 
70 135 22 112 132 163 119 164 164 39 164 164 91 69 164 116 164 4 164 60 152 82 156 22 67 164 164 75 164 164 164 164 164 164 35 164 149 109 133 164 164 5 
89 34 144 65 32 8 116 72 20 30 164 164 164 97 16 43 82 70 72 96 164 164 125 157 164 164 20 164 116 129 72 38 164 164 45 97 164 113 164 164 6 
11 11 124 153 85 164 107 99 81 106 147 10 28 11 164 49 151 164 164 164 164 164 90 164 100 119 137 164 164 73 81 164 164 164 164 164 164 164 164 87 
64 157 25 60 43 147 43 61 117 157 123 70 74 43 11 22 8 65 37 72 66 43 22 45 11 164 8 164 65 26 147 164 5 164 164 117 89 164 13 
117 96 58 22 32 112 52 22 112 164 20 39 157 164 65 25 25 164 97 93 8 164 8 58 123 164 15 105 74 15 164 65 65 164 97 113 164 145 
141 110 48 10 164 65 0 61 9 164 22 164 95 164 106 81 112 2 164 164 109 135 164 164 164 164 123 164 19 164 164 164 164 164 98 164 164 
51 151 123 53 22 34 121 57 78 116 42 27 164 30 33 25 164 164 164 144 164 164 164 46 31 164 164 17 108 164 164 164 164 164 164 20 
164 27 90 65 44 138 164 164 82 45 83 100 164 164 5 130 43 164 39 164 164 164 31 164 164 82 164 164 164 164 61 164 164 164 43 
60 145 164 19 13 47 111 123 4 104 164 164 16 140 164 164 119 164 162 164 146 164 134 164 15 164 164 164 164 135 164 164 164 105 
20 15 48 46 144 65 60 82 164 159 137 158 12 164 164 19 164 164 30 164 93 164 164 164 164 164 164 164 161 43 164 164 164 
117 146 14 128 93 22 156 164 164 96 164 164 153 58 164 164 164 164 164 62 164 164 15 164 164 164 36 32 35 164 164 8 
147 129 89 58 64 25 147 25 105 32 36 164 79 8 164 123 8 89 164 96 82 83 60 116 164 22 164 96 22 15 54 
111 83 26 25 7 90 59 164 162 22 164 97 164 153 164 164 79 164 108 53 112 140 51 159 164 164 164 122 164 164 
92 136 11 48 39 17 130 63 65 94 164 148 58 164 125 41 164 74 79 157 164 3 164 164 2 164 120 164 123 
68 157 142 1 23 100 18 81 162 164 164 43 164 164 8 13 164 45 15 164 164 103 135 164 152 118 164 11 
87 164 46 128 114 164 157 1 58 121 107 164 135 84 77 164 8 113 120 164 4 164 164 164 164 164 164 
87 129 72 43 129 150 43 164 147 45 15 20 11 164 147 22 17 11 164 129 82 70 81 96 8 35 
108 68 49 106 164 92 11 91 89 164 50 164 10 139 76 129 24 164 16 85 164 164 105 58 164 
14 164 130 96 145 112 110 164 23 47 164 164 164 164 164 164 138 164 164 164 97 164 5 164 
36 108 8 54 60 24 164 152 45 164 66 164 109 164 127 2 118 39 93 164 133 51 8 
164 97 37 164 164 95 164 164 109 29 164 107 164 135 164 164 111 34 140 164 3 164 
72 31 72 59 77 71 164 164 50 164 120 82 164 146 44 164 164 55 164 52 164 
82 153 112 22 45 32 25 82 81 87 45 65 123 43 89 164 116 129 164 160 
82 38 83 164 149 61 109 30 115 164 164 42 91 164 102 164 87 164 164 
113 45 82 105 147 87 25 20 21 8 129 22 72 58 105 65 87 80 
131 62 77 71 164 9 108 164 80 115 48 104 3 72 164 164 5 
164 136 143 164 27 33 97 108 164 19 164 5 52 164 130 147 
83 92 164 144 44 11 164 164 39 158 114 164 164 9 8 
157 41 18 80 15 12 36 164 155 24 128 79 164 96 
63 19 151 72 164 164 164 121 164 164 6 68 164 
53 132 82 164 74 127 115 84 164 141 59 8 
164 116 73 132 162 143 138 164 3 164 8 
89 164 130 156 157 75 6 74 110 164 
164 58 15 164 45 164 164 96 1 
52 125 30 36 159 161 39 81 
106 57 104 164 164 18 96 
10 60 59 52 102 20 
6 151 164 164 5 
164 153 112 45 
1 80 81 
11 72 
97 

