100 150
107 150 118 66 0 99 150 42 56 26 92 96 50 29 5 46 150 75 150 150 150 60 95 150 150 150 150 13 150 150 150 125 72 120 150 150 40 70 150 150 150 109 107 150 150 150 150 150 150 150 102 150 150 150 150 112 25 150 150 72 150 50 150 150 150 150 150 150 84 150 150 150 150 57 150 138 150 150 74 139 150 17 31 150 150 150 150 104 150 77 15 94 50 144 58 110 150 46 143 
138 22 37 150 39 50 150 150 124 25 30 25 150 150 72 150 126 128 150 150 150 120 47 96 150 8 97 11 123 150 33 28 150 150 150 150 150 134 150 150 150 150 150 150 150 150 150 150 150 150 150 150 150 127 150 150 150 150 150 116 150 52 150 77 150 150 150 41 24 150 150 150 150 150 66 150 150 19 150 92 150 75 14 119 25 84 150 36 131 68 150 124 127 150 34 10 104 64 
3 10 147 150 16 129 33 57 150 13 57 150 150 140 150 150 86 150 55 46 148 2 150 41 150 150 67 44 150 150 134 150 150 150 150 39 150 150 150 150 81 41 150 150 150 150 150 150 150 150 150 24 26 150 150 150 150 150 150 20 150 150 97 1 139 70 150 150 150 150 15 150 150 150 150 150 113 62 150 150 150 144 132 40 127 150 150 104 11 133 81 57 88 150 8 59 142 
94 95 146 112 0 122 150 40 31 80 17 150 150 44 150 114 150 150 150 150 150 150 150 150 15 45 150 150 99 150 150 150 150 150 150 57 80 150 14 150 150 150 150 150 150 150 150 150 150 150 150 134 150 150 150 150 150 150 150 150 26 150 150 150 150 150 105 150 150 83 150 30 150 127 41 40 16 150 33 32 147 150 46 29 61 138 150 111 71 113 26 150 91 42 90 23 
135 59 150 150 150 20 57 65 92 150 123 150 2 111 143 150 150 39 150 150 150 72 150 129 42 150 67 150 150 150 11 150 80 101 150 150 25 150 144 150 150 150 150 150 150 150 150 150 150 150 150 150 107 150 150 150 96 50 150 150 150 150 150 150 150 150 150 150 150 150 75 73 60 150 107 150 144 150 150 150 137 140 150 28 150 103 145 55 20 100 52 9 7 54 99 
8 51 26 119 127 20 6 92 24 139 112 37 150 150 150 1 105 150 146 150 150 150 27 150 118 150 150 74 71 150 150 150 150 124 150 150 150 150 124 150 150 150 150 83 150 150 150 150 150 150 150 150 150 150 150 150 84 150 150 150 150 150 150 150 150 150 23 79 150 150 88 150 150 16 150 150 140 150 150 106 112 25 150 109 52 101 149 112 140 117 103 35 96 126 
107 29 15 113 113 37 144 150 48 16 97 150 67 150 150 0 136 150 150 41 150 150 53 150 32 42 81 150 150 150 150 150 150 150 150 150 150 150 133 150 150 150 150 150 150 150 52 150 92 150 150 141 150 150 150 150 150 150 150 150 26 150 61 150 150 87 150 150 150 150 82 150 26 102 40 38 150 150 150 74 19 7 150 150 34 110 150 100 150 150 106 13 147 
40 125 82 80 150 77 150 29 148 140 150 134 19 113 100 100 127 20 7 134 26 61 25 92 113 85 150 40 150 71 150 22 13 150 150 86 122 150 74 150 74 51 46 80 150 113 25 109 150 14 150 150 60 28 150 150 150 50 150 74 150 4 150 150 150 150 150 150 150 150 127 150 150 150 26 150 25 41 130 140 134 150 113 150 125 141 90 92 127 51 61 57 
2 41 74 112 20 97 145 72 116 150 82 107 150 9 110 102 150 57 108 150 150 150 4 75 72 150 150 150 150 150 150 150 150 58 150 150 150 150 150 150 150 18 150 150 150 150 125 150 150 150 150 150 150 124 150 150 150 150 150 150 150 31 150 150 150 150 12 60 150 150 57 150 92 96 150 150 150 150 28 44 14 35 86 87 16 25 150 150 150 150 50 
150 26 129 150 57 150 112 136 114 150 150 150 34 150 124 150 150 150 150 62 1 150 150 150 150 31 150 150 150 19 150 150 115 144 80 150 150 150 27 150 66 150 150 150 150 150 150 100 74 150 150 150 150 113 150 150 150 150 150 150 99 150 150 150 121 58 69 145 150 61 150 92 23 116 150 150 150 134 150 49 48 150 109 50 150 150 150 150 150 60 
81 84 108 81 113 146 134 20 150 92 51 19 16 144 144 88 84 72 74 144 57 150 25 144 140 25 91 150 147 123 150 150 44 150 127 150 150 150 150 150 41 26 46 150 23 28 38 41 127 150 150 39 150 150 92 150 29 144 150 150 46 150 150 150 150 150 150 150 75 150 119 150 140 150 150 142 43 150 150 125 150 29 98 70 40 28 113 124 112 
26 142 134 26 150 57 100 19 100 20 61 50 112 19 108 150 92 40 41 127 19 6 140 92 144 73 16 150 91 150 150 87 110 107 26 74 150 113 150 150 112 113 16 98 150 97 134 81 63 150 44 150 150 150 150 125 150 150 25 20 150 150 81 150 56 150 150 22 150 69 150 150 127 150 11 95 51 150 46 150 113 15 150 150 29 74 57 29 
26 124 126 113 150 107 79 66 135 35 150 45 78 80 150 150 147 150 55 70 100 150 150 150 150 150 150 150 125 150 112 150 94 150 150 150 93 131 33 150 1 104 150 150 150 150 150 150 76 150 150 150 150 144 150 150 150 150 150 150 150 150 56 150 150 150 150 150 113 29 150 72 150 26 84 150 150 150 150 150 127 29 101 84 109 143 150 
41 19 53 46 150 150 40 140 150 125 26 92 36 100 28 150 16 150 46 99 127 28 84 141 150 95 31 150 72 150 102 28 81 74 92 150 140 150 61 150 81 103 150 66 150 150 70 50 150 46 150 150 125 150 100 150 125 150 150 72 150 92 150 100 150 83 150 138 150 19 20 150 0 71 20 61 150 16 41 104 34 80 20 81 150 84 
129 46 101 63 150 131 150 77 105 150 1 124 145 92 37 14 64 150 150 150 27 107 81 150 140 26 150 137 150 41 90 150 150 150 150 150 135 150 94 150 150 150 124 150 150 150 150 150 122 150 150 150 150 150 150 150 150 150 150 150 117 10 42 150 150 150 28 144 150 46 35 107 150 150 93 150 118 150 40 124 150 150 126 150 110 
41 133 73 117 21 136 150 150 91 150 74 16 47 94 89 81 150 29 87 150 85 150 75 25 150 137 9 150 150 150 150 39 150 150 150 59 150 150 150 150 150 29 150 150 150 150 150 150 150 150 150 150 150 150 150 150 150 150 150 150 7 150 150 150 150 40 150 150 150 12 74 57 150 77 150 19 31 150 150 104 150 121 56 90 
20 80 25 61 46 100 100 125 20 3 150 107 140 81 40 125 55 113 80 150 132 50 9 79 40 150 150 120 51 46 92 80 150 150 150 150 150 150 28 150 17 150 28 150 150 116 150 26 134 150 150 125 90 150 150 150 150 150 150 150 150 150 117 150 12 150 150 150 29 37 121 25 150 150 150 150 145 105 16 19 100 50 20 
135 102 119 38 91 8 17 99 150 122 123 150 58 150 143 140 126 150 71 140 150 150 150 74 118 150 46 150 150 150 150 150 150 150 85 150 150 150 150 92 150 150 150 12 84 150 150 6 84 150 150 150 13 150 150 150 150 150 80 150 150 140 150 150 142 150 150 150 150 28 150 150 150 150 88 134 113 56 150 150 150 121 
150 68 69 122 17 13 150 84 14 150 139 39 150 140 25 150 150 150 29 143 61 150 64 150 150 150 150 93 150 150 150 150 150 150 150 150 150 150 150 142 40 84 150 150 150 150 0 4 150 150 26 150 150 150 150 127 9 6 62 150 125 150 61 150 150 150 150 150 150 89 150 42 97 150 80 150 150 71 150 150 98 
15 78 150 150 23 150 28 59 150 7 38 3 136 92 138 150 98 144 150 16 29 150 106 20 150 150 150 150 150 150 132 150 150 107 150 150 48 80 150 150 150 150 20 150 55 22 150 150 150 150 150 36 150 150 150 150 150 150 150 84 150 150 150 150 150 150 46 150 150 68 150 150 150 150 112 85 150 94 150 150 
88 104 85 87 32 50 86 37 150 150 35 149 150 150 79 78 150 150 150 144 120 150 140 150 150 150 95 150 150 121 150 150 150 150 51 150 150 24 150 150 150 134 150 150 150 150 33 150 150 150 150 150 150 150 150 43 3 150 150 96 25 150 150 150 150 29 50 115 150 150 150 150 150 20 150 150 150 123 30 
70 54 49 64 28 56 76 150 131 150 123 28 14 150 79 84 93 144 125 150 13 150 150 21 150 150 118 150 150 115 150 150 150 150 150 113 150 150 150 150 150 150 34 150 150 150 150 150 150 12 150 150 150 119 150 150 150 150 98 57 150 150 150 24 25 20 150 150 130 150 150 150 57 107 150 150 48 150 
82 52 150 150 97 120 75 27 112 69 107 11 10 6 81 38 150 150 14 95 150 150 150 150 150 150 150 115 150 150 64 150 150 150 51 150 150 150 150 150 150 150 150 150 150 150 150 150 150 150 150 150 150 150 150 150 150 150 124 90 118 126 150 150 150 150 150 150 150 150 113 150 150 150 150 25 134 
150 80 100 150 59 65 145 78 88 124 44 146 70 150 150 26 20 131 150 127 150 150 150 150 150 36 150 104 5 68 150 29 81 46 101 150 150 150 150 150 128 150 150 150 150 150 150 150 150 39 150 150 150 150 150 150 150 28 150 150 150 150 150 150 150 10 150 150 150 150 150 150 150 0 150 150 
83 81 107 89 66 74 85 150 150 88 150 48 144 115 51 16 90 117 20 144 72 150 55 150 150 150 150 150 150 150 100 36 112 18 150 150 150 150 150 150 150 150 150 150 150 150 150 150 150 150 150 150 150 150 150 150 150 150 150 150 150 150 40 123 1 150 150 150 150 16 110 150 150 150 150 
16 26 53 132 150 111 25 72 122 139 129 150 149 150 72 150 46 124 150 150 30 67 82 37 150 150 150 150 147 150 89 16 150 150 150 150 134 150 150 93 150 150 54 150 135 150 150 150 150 150 150 150 100 150 150 26 44 150 150 150 144 127 150 150 108 150 150 150 113 150 47 38 150 150 
29 150 112 107 150 150 106 16 124 124 44 81 35 19 100 46 5 91 16 100 124 134 16 150 92 150 113 51 95 72 150 134 150 137 150 86 112 150 127 80 150 150 40 81 124 150 113 20 150 150 150 150 69 150 27 150 150 150 150 87 73 150 150 50 150 30 150 150 150 134 150 150 150 
150 101 116 63 150 16 60 21 150 134 30 140 16 62 55 81 16 22 34 75 150 49 150 150 45 77 111 20 150 150 39 17 150 150 150 150 150 150 150 80 150 150 150 150 0 150 150 150 109 150 150 57 150 150 150 150 150 150 140 127 150 150 150 150 150 84 150 150 150 150 9 150 
121 133 2 21 81 52 150 66 124 150 150 134 122 150 100 150 150 79 119 150 150 150 150 69 150 150 150 128 150 150 150 150 150 150 80 150 150 150 150 150 150 150 150 150 43 150 150 150 150 150 150 125 150 150 150 143 150 150 144 150 88 150 150 150 150 150 108 150 149 64 150 
18 108 27 150 78 46 150 150 150 16 134 5 150 150 125 150 150 150 150 150 150 150 14 80 150 92 118 150 150 150 150 8 150 150 122 150 150 150 150 125 150 150 150 150 150 150 150 150 150 150 150 84 150 68 150 150 150 134 150 150 150 6 150 150 134 150 99 150 115 150 
9 72 57 150 136 111 25 26 61 84 150 105 150 150 150 150 130 11 92 150 90 150 76 150 150 47 150 150 150 20 150 150 150 150 60 150 150 150 150 150 150 150 36 150 150 150 150 150 144 150 150 150 150 150 150 150 150 150 150 150 150 4 4 150 150 150 150 67 150 
86 127 150 150 114 144 60 107 50 135 59 100 107 150 150 44 150 29 150 150 89 150 140 100 122 150 150 150 124 150 150 10 150 65 150 150 150 140 150 150 150 150 150 36 150 150 69 113 150 25 150 150 150 150 150 57 150 150 150 150 150 150 46 150 150 150 150 150 
144 114 102 130 150 150 57 150 150 150 150 127 150 150 62 150 5 108 150 150 150 34 150 150 150 55 150 26 150 150 3 150 150 150 150 150 150 115 150 150 150 150 122 150 150 150 150 150 150 150 150 150 111 57 84 150 150 150 61 2 124 150 150 150 12 150 150 
125 134 51 62 41 83 22 51 80 142 103 112 28 81 150 140 72 150 57 127 150 150 74 150 74 74 146 81 149 26 150 84 127 80 80 33 150 72 150 150 150 150 150 150 25 143 150 60 57 150 150 150 131 138 28 150 150 150 28 63 66 150 41 28 150 124 
40 105 144 150 113 127 150 69 16 150 45 76 147 95 150 75 150 118 63 94 150 150 40 61 73 150 150 46 150 111 117 150 150 84 150 150 150 24 150 150 150 150 150 150 28 150 134 150 150 150 150 150 150 150 150 150 150 150 150 84 150 32 150 150 133 
83 19 45 57 150 68 147 25 150 130 87 63 150 150 150 29 32 82 77 150 150 127 150 150 140 150 150 150 85 150 105 150 150 150 16 150 150 150 76 150 150 150 150 150 150 50 150 150 150 150 84 150 66 150 91 150 150 150 74 150 150 150 150 150 
50 49 57 81 89 150 100 50 29 143 150 150 125 63 55 150 136 42 150 1 150 47 34 81 95 16 150 150 109 150 150 150 100 150 150 73 150 150 150 150 150 150 140 150 150 150 150 150 150 150 150 150 150 150 150 150 150 150 150 150 150 150 150 
20 18 90 28 150 56 23 51 112 124 0 50 150 150 50 46 150 150 40 104 25 150 31 81 96 150 19 100 127 150 25 139 113 150 150 26 150 150 61 113 19 14 150 7 150 150 107 150 49 77 112 81 150 150 150 29 150 20 150 150 51 19 
72 150 121 7 112 16 11 33 120 106 8 82 150 150 42 150 150 98 84 108 131 74 44 84 92 150 150 150 150 150 72 150 34 150 150 150 150 150 150 150 150 150 150 133 150 37 150 150 124 150 150 150 150 150 150 150 150 150 76 150 150 
65 150 50 52 150 92 134 150 72 57 74 72 72 150 124 150 125 101 80 16 68 140 31 50 125 144 72 80 25 99 150 112 72 150 74 150 150 26 150 21 150 75 150 150 74 20 103 78 61 51 150 57 40 150 150 150 46 112 150 28 
127 150 68 83 134 81 40 46 20 20 124 16 150 26 45 150 114 150 150 149 150 54 150 57 20 41 29 134 89 150 61 61 150 28 61 41 124 46 150 57 4 150 134 125 41 42 27 80 150 150 19 150 23 106 150 150 150 150 150 
112 150 134 32 129 150 147 143 43 111 150 108 145 0 148 150 150 21 150 150 150 109 150 85 138 150 150 150 150 150 150 150 150 150 150 150 150 150 58 20 150 150 3 150 150 140 150 150 150 150 150 81 150 150 150 150 150 150 
124 19 150 78 79 93 77 3 6 150 41 150 150 150 29 150 150 107 150 92 150 150 150 75 54 38 112 150 150 150 70 47 150 150 150 129 80 150 150 150 150 150 150 150 125 150 113 150 150 150 150 150 150 150 150 150 150 
132 150 127 40 84 150 28 51 92 16 50 125 50 150 144 20 35 46 71 29 72 144 127 150 150 65 150 41 26 29 19 26 112 29 92 150 150 73 26 29 81 92 129 136 150 125 144 51 150 150 12 150 150 28 25 150 
50 58 150 61 134 26 74 150 113 41 27 150 149 29 81 42 144 84 25 20 28 150 107 112 150 74 150 40 150 150 74 29 150 150 54 150 32 57 72 150 26 99 150 150 150 150 150 150 105 150 124 28 150 150 57 
128 108 150 150 12 18 75 38 150 100 150 40 121 129 150 150 25 101 109 150 150 150 150 150 150 24 150 150 150 150 137 150 42 150 150 61 150 142 150 150 84 140 59 150 150 150 150 150 150 150 150 150 82 150 
71 130 31 125 68 150 139 150 80 73 107 150 133 57 150 72 150 53 150 150 150 150 150 150 135 95 86 150 97 150 10 32 100 150 134 150 85 84 150 124 150 150 150 150 150 150 150 150 150 150 150 150 150 
91 114 113 11 66 27 5 144 150 72 150 146 72 150 127 98 76 150 150 125 2 72 32 14 70 150 45 89 150 150 150 150 150 41 150 150 150 150 124 144 150 150 150 150 150 150 150 57 150 150 150 150 
150 103 48 35 138 90 41 150 16 34 121 150 43 52 150 64 150 78 39 150 127 150 150 52 150 150 150 148 150 47 150 49 124 150 150 132 55 150 124 150 150 139 150 150 150 46 150 150 150 53 150 
48 113 9 146 150 19 18 107 150 123 150 109 26 150 147 130 150 150 150 150 150 150 150 150 150 76 14 53 150 150 4 150 150 150 150 131 84 134 149 106 150 150 150 150 150 150 59 150 150 150 
23 83 128 2 140 150 92 150 141 51 15 74 30 84 150 136 112 22 150 150 130 150 150 150 150 150 150 150 150 150 19 150 150 150 150 144 150 150 150 150 150 150 150 150 150 126 137 150 150 
65 150 117 124 142 150 49 1 46 150 124 43 150 150 103 8 12 113 120 79 130 4 150 150 150 150 150 150 128 150 150 150 150 3 150 127 50 150 150 150 150 150 150 150 150 150 150 150 
105 116 16 150 28 62 72 19 101 57 57 119 150 38 95 71 150 12 136 106 150 120 150 150 150 148 150 150 150 150 150 150 150 150 124 150 19 21 87 150 150 150 103 30 150 150 150 
31 26 22 16 0 119 92 149 134 54 65 150 126 150 150 150 150 3 150 150 150 150 150 150 150 92 150 46 150 150 104 150 150 51 150 112 150 150 150 150 150 150 150 150 95 150 
112 61 125 43 137 51 17 134 150 150 58 13 126 150 150 150 46 97 45 150 150 38 150 150 150 150 150 150 150 150 87 150 150 150 35 36 150 150 150 150 150 150 150 114 150 
29 39 46 113 33 61 62 124 113 84 41 25 26 53 134 92 92 46 26 150 112 7 81 139 134 118 150 150 134 150 120 97 150 150 150 80 16 131 137 150 150 81 41 100 
107 33 9 41 3 74 150 150 15 150 145 95 150 150 150 150 74 87 141 150 150 23 150 150 150 150 150 150 62 92 26 150 65 150 150 150 107 112 113 51 150 55 150 
41 28 15 81 136 150 107 150 112 29 92 45 150 19 150 112 41 125 80 61 107 23 40 5 150 150 150 28 116 150 50 92 124 112 140 22 13 72 150 28 7 150 
150 19 145 20 95 17 59 150 146 40 127 150 150 139 89 150 150 96 150 150 124 150 150 150 117 150 133 40 134 150 150 120 150 150 150 127 150 150 150 150 128 
61 22 150 90 150 138 58 110 51 150 49 148 54 77 89 88 150 150 150 46 150 26 27 62 150 150 28 150 150 150 59 150 16 150 26 150 150 150 150 150 
140 24 127 46 81 92 92 20 8 28 124 16 125 40 50 50 150 41 53 150 150 92 81 150 150 150 3 150 100 100 150 150 139 65 19 150 150 150 16 
100 71 93 5 39 115 67 150 37 9 150 150 79 150 135 21 7 150 136 150 128 148 54 150 125 50 150 150 150 150 150 150 144 150 150 150 150 150 
100 140 92 25 150 41 69 150 40 81 29 113 26 150 50 150 32 19 33 84 150 150 81 150 14 74 41 107 150 26 150 146 150 25 72 107 150 
117 72 150 102 106 150 150 114 150 12 56 150 150 2 140 150 141 150 4 73 11 150 74 150 150 150 150 108 150 150 150 150 24 150 150 150 
27 123 150 150 150 73 54 150 120 83 102 52 28 79 100 21 150 35 150 4 150 150 46 150 150 150 150 150 150 150 150 150 150 150 108 
150 43 150 28 150 1 56 150 62 150 67 98 150 150 2 20 150 89 70 10 144 40 47 150 82 150 150 150 150 150 150 150 150 150 
32 150 113 20 48 149 129 24 128 17 134 130 41 45 26 62 150 64 150 150 150 150 150 150 150 115 150 80 150 12 56 150 150 
83 124 36 13 111 116 11 150 63 147 44 140 150 92 150 132 1 150 124 127 150 118 98 150 150 150 40 22 150 150 35 150 
107 78 18 5 135 65 64 119 58 149 150 150 112 134 86 150 96 125 92 142 110 150 150 150 150 150 150 150 102 150 69 
41 150 19 150 134 51 25 144 80 76 46 93 150 25 150 124 48 2 25 50 150 140 150 133 103 92 150 150 150 150 
111 103 150 148 8 150 85 131 150 6 51 82 81 27 1 150 112 53 91 150 150 68 144 51 150 96 150 150 150 
15 113 49 115 150 64 143 57 84 150 19 150 137 2 150 150 8 150 150 150 150 150 150 150 150 150 76 150 
104 126 116 85 105 110 16 146 52 150 28 12 150 150 150 77 150 94 36 150 150 150 141 150 150 150 96 
140 21 49 128 103 72 7 41 93 141 150 150 80 74 139 150 150 18 150 92 40 132 107 150 150 150 
150 150 31 4 150 150 134 6 21 150 71 150 74 3 150 149 150 107 28 92 150 13 150 150 29 
114 150 10 51 150 40 150 53 6 150 40 148 80 78 47 150 146 40 107 150 0 150 150 101 
123 150 19 150 150 150 16 150 150 46 50 9 150 141 112 37 25 25 71 150 120 150 150 
68 150 137 150 150 17 150 49 46 20 88 30 150 67 103 16 16 150 150 150 150 150 
28 76 150 150 150 97 14 150 134 17 150 20 2 150 74 16 150 150 108 150 150 
112 65 40 46 81 150 94 91 74 29 150 84 57 150 150 150 150 150 112 150 
41 60 124 24 110 29 144 150 43 150 69 47 140 150 150 150 14 150 63 
20 144 51 144 135 57 19 100 150 107 150 0 133 29 26 113 19 28 
150 103 121 50 92 148 94 10 21 100 134 28 119 131 5 18 150 
20 114 150 74 67 143 138 99 5 50 150 150 150 63 150 150 
93 19 51 150 87 66 150 150 140 26 30 150 116 150 150 
29 61 75 46 18 150 98 25 150 45 43 150 150 150 
89 124 150 28 127 50 12 102 74 28 125 81 124 
29 74 40 124 74 48 15 112 26 84 150 25 
150 83 10 18 150 100 106 64 150 150 137 
150 117 81 51 57 145 150 150 150 67 
142 150 19 113 8 147 150 150 150 
58 26 29 150 54 41 132 33 
81 72 50 86 132 8 41 
60 125 50 127 92 100 
26 61 29 28 74 
146 127 6 150 
141 150 94 
23 86 
1 

