200 100
73 6 68 29 25 6 87 86 32 0 44 97 55 78 10 80 61 4 25 80 27 43 6 97 49 78 100 78 32 46 8 87 49 31 65 100 92 31 46 95 3 25 0 54 73 33 45 42 61 87 87 78 75 80 25 43 61 0 6 6 31 25 56 95 56 5 56 21 18 42 25 70 28 100 61 100 87 31 18 32 22 87 18 45 78 43 75 93 25 100 66 68 95 32 29 28 56 100 6 28 49 60 85 29 45 76 28 88 97 73 45 56 95 43 78 31 61 71 23 75 0 32 49 24 42 95 54 100 8 43 100 9 84 75 35 100 54 35 28 49 100 22 73 46 27 6 100 19 54 100 100 20 97 98 100 62 8 25 9 27 28 100 54 8 94 68 18 12 72 32 43 9 96 13 54 8 9 51 61 5 8 78 100 0 56 8 61 97 27 40 75 97 56 100 100 45 32 46 95 
9 27 22 26 6 32 2 54 80 30 61 76 54 3 73 8 41 29 49 42 25 46 73 95 0 9 8 97 56 95 46 27 28 24 18 20 56 31 28 10 28 45 27 62 66 100 49 32 43 54 0 62 25 43 42 28 18 100 5 9 42 49 25 46 42 75 71 78 46 62 92 45 32 27 27 75 45 49 87 22 31 54 31 49 25 56 96 61 9 89 25 8 29 73 95 100 46 43 22 75 53 65 25 100 59 35 60 49 6 54 8 68 35 56 100 25 14 91 73 0 73 42 86 80 75 80 62 80 100 46 87 70 31 61 73 87 0 73 61 87 100 95 8 6 8 5 40 8 54 95 55 100 79 95 68 6 35 28 75 18 6 54 49 88 56 100 50 37 78 100 42 84 63 28 95 42 23 8 35 31 75 8 9 95 75 18 68 46 4 22 49 46 100 31 29 43 56 49 
48 13 28 100 100 31 11 20 100 100 62 100 46 100 95 49 82 100 39 100 12 100 4 100 81 100 100 43 60 100 100 100 80 100 78 100 100 100 100 100 100 100 100 6 100 100 89 66 100 17 100 100 100 100 100 24 23 37 65 26 100 100 100 100 100 100 100 100 100 78 18 100 100 100 100 100 100 100 75 100 100 100 100 100 100 46 100 100 0 100 100 100 100 100 100 100 100 100 100 100 61 100 100 97 100 0 100 100 100 100 100 32 100 100 100 43 95 100 100 100 100 100 100 100 100 100 100 100 100 100 56 15 100 100 100 41 52 100 100 42 100 70 100 100 100 27 36 100 58 0 100 22 100 100 100 25 100 100 47 100 100 100 87 100 93 45 31 100 94 74 25 22 76 34 30 0 100 77 100 40 100 33 50 91 55 100 2 68 64 53 99 100 100 44 100 96 7 
84 68 81 100 29 100 21 29 75 68 100 18 17 100 28 58 100 100 65 16 1 46 100 100 100 100 100 10 100 72 100 97 89 95 100 100 50 100 100 100 100 100 31 53 26 100 100 100 100 100 100 55 74 100 100 100 77 7 100 100 100 100 100 100 100 40 100 100 100 100 3 100 100 100 100 100 100 100 100 100 100 100 100 100 22 100 100 80 100 100 100 100 100 100 100 100 100 79 62 22 100 85 25 100 54 100 15 100 100 100 70 100 100 100 100 73 100 100 100 100 68 100 100 100 100 100 100 88 100 54 100 100 100 100 100 59 100 100 100 100 100 100 100 100 8 24 82 23 78 52 18 100 100 2 4 100 100 34 100 100 100 42 96 19 80 18 100 100 100 5 32 100 100 100 45 39 100 14 100 100 63 100 100 100 27 20 78 100 93 57 100 64 11 98 47 83 
75 100 36 97 23 4 43 93 31 38 61 81 53 73 88 26 52 100 21 30 28 100 100 100 14 11 100 15 100 48 22 24 80 100 100 100 97 79 89 100 100 6 100 64 100 100 100 100 100 1 100 61 100 50 100 100 100 100 100 92 100 98 100 97 100 17 100 27 100 100 55 100 100 40 100 100 100 100 100 100 100 100 100 80 100 100 22 100 100 100 100 100 100 100 100 100 100 73 78 100 100 22 100 87 100 100 100 100 100 100 100 100 100 28 80 100 16 100 100 54 100 100 100 100 100 100 100 100 6 100 100 100 100 100 100 100 47 100 100 100 100 100 100 62 100 100 0 29 100 8 100 100 100 100 100 65 100 72 100 33 32 87 2 9 62 100 100 100 18 18 100 57 56 46 51 73 100 100 100 100 80 63 18 58 12 54 78 100 96 69 10 39 60 67 100 
35 73 14 46 73 12 78 17 54 53 49 54 11 87 25 49 61 61 68 46 0 29 42 8 5 32 0 18 0 52 25 70 75 42 97 85 68 97 18 54 6 100 100 27 56 27 75 35 35 27 97 43 27 95 87 61 80 54 62 8 28 22 44 6 42 5 62 87 80 27 43 80 27 73 27 49 27 56 35 27 56 56 36 31 0 81 78 97 31 61 31 46 29 32 35 5 86 98 73 68 64 87 89 49 22 22 35 45 97 35 27 5 66 30 35 42 46 97 4 6 18 62 29 45 100 18 100 57 100 8 62 100 32 68 43 35 31 43 25 49 68 100 21 45 100 28 16 100 50 42 22 29 18 25 8 49 9 62 97 39 9 97 2 20 5 27 27 65 7 46 0 9 60 25 27 97 9 22 80 100 78 18 25 18 23 46 31 22 46 0 18 61 25 78 
98 100 10 64 35 19 42 100 46 92 74 56 38 79 71 60 26 100 100 51 100 100 100 93 100 36 53 100 25 45 54 70 41 83 100 100 100 34 99 100 100 56 100 100 100 73 18 58 100 100 67 100 100 100 100 100 100 100 17 59 100 100 100 100 100 25 100 100 100 100 66 52 100 100 100 100 100 100 100 100 100 32 100 100 97 100 100 100 100 100 87 100 100 100 100 100 100 100 91 78 100 95 100 100 100 100 100 100 100 100 100 75 29 100 100 100 100 100 100 100 100 100 100 100 100 100 22 100 100 100 100 100 86 100 100 100 63 100 8 100 96 45 100 13 100 100 100 32 100 100 100 85 100 15 54 100 100 100 42 100 100 100 97 100 100 11 43 54 100 30 100 56 100 12 100 100 94 7 33 50 21 100 100 100 16 23 4 40 2 76 69 43 100 
35 39 29 87 50 68 65 35 100 31 100 100 18 100 33 11 100 100 84 100 26 32 100 58 100 99 100 87 88 100 100 100 8 22 77 71 86 100 68 100 100 100 100 100 100 100 100 100 30 100 100 100 100 79 100 67 72 100 100 100 80 100 100 70 68 100 100 100 100 100 100 100 100 100 100 100 100 13 100 100 45 100 89 25 100 100 100 100 100 100 100 100 100 100 75 32 100 100 56 100 9 100 100 100 83 100 100 100 100 5 68 68 100 100 100 100 100 100 7 100 100 100 4 100 100 62 100 100 100 100 74 100 100 100 100 100 100 100 100 100 46 100 100 100 8 92 62 100 100 100 100 100 85 100 100 52 100 61 100 23 22 45 100 37 51 43 97 78 100 100 73 100 63 15 100 81 100 59 100 40 100 17 49 90 69 55 64 43 3 94 100 19 
28 56 94 46 21 18 40 56 0 12 28 25 49 100 68 29 95 38 43 100 62 97 27 100 28 95 72 6 48 78 31 95 64 100 9 9 42 30 46 5 0 28 27 22 46 61 29 25 22 100 28 75 61 5 43 35 78 97 100 88 6 27 29 1 100 49 56 100 100 56 100 75 97 45 100 32 61 42 5 85 56 68 53 97 75 31 68 73 29 87 9 97 46 17 57 28 9 77 29 41 95 42 35 0 100 8 100 80 43 38 89 46 100 42 0 99 49 49 100 29 78 29 35 35 34 68 8 31 0 6 25 49 54 68 18 100 46 22 68 96 49 49 100 32 100 4 100 27 27 22 31 0 32 100 49 35 16 0 25 69 82 73 61 9 7 91 46 61 28 10 8 97 46 49 61 56 100 95 100 8 32 36 25 9 95 78 6 78 35 18 25 
40 46 67 45 100 73 58 3 28 2 66 100 100 14 100 100 52 24 100 79 100 100 100 37 20 61 44 61 100 100 100 100 53 100 50 7 27 99 100 81 83 100 100 100 100 91 100 100 100 100 100 100 100 100 100 100 100 100 32 100 100 100 28 100 100 100 100 16 100 100 100 100 100 100 78 100 100 100 54 65 100 0 74 100 100 100 100 100 100 100 100 100 29 5 100 100 25 100 87 100 100 85 100 100 86 100 100 100 49 95 100 100 100 100 54 100 100 100 100 100 100 100 100 27 100 100 100 100 100 100 100 94 100 100 100 100 100 100 32 51 100 100 29 36 80 100 100 100 87 57 100 21 100 100 100 78 22 100 25 35 100 90 100 6 97 47 100 100 78 100 100 13 34 100 12 100 59 100 82 89 18 84 68 100 100 15 31 49 70 100 
100 22 100 13 45 100 100 68 100 16 100 100 100 63 10 100 100 18 15 88 100 100 57 1 100 99 54 100 45 100 43 100 6 59 100 61 84 100 100 77 100 74 100 28 100 100 100 100 92 100 100 48 100 69 100 100 100 49 60 100 100 100 100 100 100 100 100 100 100 100 100 100 100 100 100 100 100 100 62 100 100 100 100 100 100 100 100 100 100 100 100 8 61 100 100 9 100 32 100 100 100 100 100 100 100 100 100 100 97 100 100 100 70 100 100 100 100 100 100 100 100 100 100 50 100 100 100 100 100 100 83 11 100 100 72 100 100 100 100 100 100 95 100 35 100 53 100 24 58 100 100 34 100 100 8 100 100 9 54 100 30 39 27 45 100 100 26 5 100 100 100 37 7 90 91 36 100 14 94 43 100 100 44 71 0 33 100 19 100 
49 2 68 77 45 29 85 27 87 18 75 35 28 29 8 87 27 25 100 42 28 100 46 57 31 82 0 6 80 39 42 68 42 80 7 0 45 62 28 62 35 25 78 73 43 61 68 100 42 56 35 6 22 87 100 32 50 46 56 62 79 61 31 31 35 100 100 97 18 100 45 100 46 100 80 32 26 31 56 91 46 100 8 100 27 95 46 73 18 0 72 90 18 42 81 73 21 8 35 35 5 100 42 22 35 9 3 31 32 73 42 35 51 42 25 35 73 56 100 68 78 23 42 0 100 100 100 61 31 43 100 78 43 25 37 54 16 32 95 27 63 87 48 28 100 87 18 100 6 46 0 78 46 41 61 6 15 36 43 6 80 54 37 61 5 32 38 95 73 61 25 80 5 6 29 22 45 28 69 27 62 97 62 100 87 62 46 68 
31 83 32 33 12 8 68 96 69 74 100 76 52 100 100 5 100 60 87 94 15 63 28 100 75 100 100 100 87 99 100 100 71 46 82 100 100 100 100 100 89 100 100 100 100 100 100 100 100 100 100 100 100 100 100 18 100 100 100 97 1 100 62 100 100 100 100 100 100 100 100 100 100 100 100 43 100 100 100 0 100 48 100 100 100 100 100 100 100 29 6 100 100 6 100 62 100 100 100 100 79 100 13 100 100 68 68 24 100 100 100 18 88 100 47 100 100 100 100 7 45 100 100 100 100 3 17 100 100 100 100 100 100 100 100 80 100 100 100 100 100 9 100 100 100 100 78 36 40 100 100 100 78 100 100 61 97 100 100 85 6 42 30 100 11 61 23 100 100 100 20 100 100 100 100 84 100 80 70 72 51 27 35 64 55 100 100 
29 64 6 97 34 78 32 45 49 43 8 9 43 45 43 9 22 6 68 49 95 58 97 59 68 22 49 40 29 54 18 0 63 75 97 18 56 100 35 49 75 78 35 54 54 45 49 100 8 61 78 49 35 97 53 80 27 32 51 18 87 100 32 28 62 29 97 25 27 27 62 100 6 45 70 46 28 52 31 27 73 80 5 100 97 31 54 78 46 33 5 42 36 49 84 54 35 22 35 62 97 100 25 29 19 81 100 100 27 35 39 6 22 78 22 75 49 32 28 60 9 0 28 61 97 45 37 100 100 80 61 75 22 100 20 45 62 100 88 6 85 25 28 31 28 100 42 78 78 27 73 66 78 5 99 44 35 100 100 11 4 5 32 95 93 28 5 97 45 29 27 78 22 6 54 54 48 25 35 22 73 29 29 97 97 0 
73 51 92 95 76 58 50 14 100 82 99 77 100 89 40 39 47 100 100 100 29 100 8 68 11 9 31 100 100 100 85 95 100 36 100 100 100 79 53 100 100 71 91 100 15 100 100 100 34 74 100 100 25 5 100 100 78 54 94 100 73 57 100 100 100 100 100 72 100 100 100 5 100 8 100 100 5 100 64 100 100 75 100 100 100 100 100 45 8 100 100 35 100 100 100 100 100 100 100 100 100 100 67 100 43 100 100 100 23 29 41 100 100 100 100 100 100 100 100 100 100 100 100 100 30 100 100 100 100 100 100 100 100 73 100 100 100 32 19 8 100 63 100 100 100 100 100 100 100 100 32 100 46 73 43 66 100 100 100 62 10 42 100 32 2 100 84 100 17 100 100 16 1 100 52 87 100 100 100 60 100 28 100 37 100 
35 100 92 97 97 95 25 42 80 5 56 80 80 31 18 73 95 22 61 11 100 23 100 29 18 67 95 80 42 32 72 78 87 68 32 43 9 46 6 25 9 27 29 43 45 25 78 9 46 100 28 78 55 75 80 45 82 87 22 49 6 42 100 61 0 100 100 97 31 43 43 78 71 27 62 57 0 100 87 54 87 100 32 22 35 100 81 96 45 0 74 87 44 25 6 95 25 25 0 68 25 73 2 90 25 49 18 43 16 100 61 95 100 45 97 100 49 20 80 68 25 80 100 18 46 100 46 29 100 29 97 100 37 100 18 100 83 46 13 100 100 49 32 6 95 29 100 62 56 76 87 54 1 88 31 62 78 38 98 35 54 0 36 95 54 32 54 61 61 100 43 22 73 73 70 22 25 68 8 28 35 43 61 100 
71 45 14 4 47 37 83 65 25 100 57 100 35 53 86 22 28 100 31 100 45 29 2 100 100 30 100 100 100 75 70 100 100 55 100 39 96 90 100 100 100 100 64 100 100 100 100 43 100 100 100 5 100 100 100 28 12 100 100 84 100 100 100 100 100 100 100 100 100 100 100 8 100 100 32 100 100 100 100 100 100 44 100 100 100 75 97 100 100 8 100 49 100 100 100 100 100 16 100 100 100 22 45 100 100 74 1 42 100 100 100 100 100 100 100 100 62 100 100 100 100 100 100 100 100 100 98 0 100 100 34 5 18 100 100 9 100 78 100 100 100 100 26 100 100 10 100 20 80 100 100 8 68 100 100 100 95 32 100 100 100 25 100 100 100 100 100 100 100 100 78 3 41 5 91 38 100 82 100 23 100 36 77 
28 49 41 19 72 86 66 39 30 40 100 100 100 37 21 59 8 87 70 78 17 100 34 100 100 100 2 91 28 6 100 44 100 100 82 26 100 100 100 100 100 100 32 100 100 43 100 100 100 89 9 100 100 100 25 100 20 100 100 100 100 100 100 100 69 100 100 100 100 100 29 100 100 73 100 100 100 1 100 10 100 100 100 75 6 100 78 100 0 100 62 100 16 100 100 100 100 100 100 100 18 9 100 100 100 100 23 100 100 100 100 100 100 100 100 25 100 79 100 100 100 100 100 23 100 100 100 100 100 100 54 100 100 100 9 100 31 100 85 100 100 100 100 100 100 100 100 25 100 100 5 0 100 62 100 6 6 100 100 100 95 100 98 100 60 93 100 83 88 100 77 100 45 100 56 100 14 36 24 100 65 55 
43 87 22 22 31 25 56 54 9 80 5 28 32 27 61 29 7 29 64 6 6 61 23 54 61 54 80 89 62 22 31 43 97 100 61 42 43 28 22 9 54 32 100 9 32 78 95 0 31 38 35 78 9 48 32 22 100 8 61 8 31 9 6 8 9 100 42 28 100 74 28 97 50 46 100 54 61 49 29 87 27 5 97 2 82 100 73 44 31 86 97 68 35 68 9 18 100 8 32 79 3 8 95 73 0 15 8 100 28 100 100 75 95 100 58 100 27 32 80 29 78 28 100 32 100 6 97 100 100 65 100 5 27 19 49 33 22 97 18 78 100 68 87 46 100 62 96 62 87 88 99 9 87 97 66 69 97 95 6 24 56 95 97 62 62 56 100 100 97 97 49 1 45 29 100 68 95 43 78 0 54 
92 30 84 63 10 96 55 52 100 100 67 74 100 100 64 46 81 97 7 100 100 87 4 42 79 100 46 15 100 83 99 70 1 100 100 77 100 100 100 50 100 100 93 20 48 100 100 100 35 100 100 57 46 100 100 100 100 100 100 100 100 100 100 13 100 100 100 100 80 53 100 78 100 97 100 100 100 100 19 100 100 100 49 54 12 100 35 100 29 100 100 100 100 100 100 100 100 100 5 75 100 100 100 100 80 100 100 100 100 100 100 100 100 61 100 100 36 100 100 100 100 100 100 100 100 91 100 100 9 100 16 37 78 100 9 100 100 100 41 100 100 100 39 100 100 54 100 33 27 49 100 100 100 100 9 100 100 100 25 100 100 100 100 100 100 100 89 100 85 100 75 100 100 100 18 17 86 100 100 69 
44 67 100 3 36 0 100 2 88 90 100 40 34 37 32 95 35 100 100 94 100 100 83 100 100 42 77 100 78 86 100 100 43 10 100 100 21 100 91 47 100 100 100 100 100 100 13 68 100 100 100 54 100 100 100 100 100 100 100 100 100 5 82 100 12 100 100 61 100 100 28 100 100 9 100 100 100 100 64 100 30 42 61 100 100 73 100 42 100 100 100 100 100 100 100 100 100 75 5 100 100 100 100 43 100 100 100 100 100 100 100 100 68 100 100 100 100 100 100 100 100 100 100 81 99 100 100 29 20 100 100 5 100 42 100 100 100 89 71 100 100 100 100 100 61 100 55 8 32 100 29 100 29 29 35 63 100 29 100 17 100 51 100 100 52 100 100 100 80 5 93 100 100 100 100 38 59 100 74 
82 28 92 81 94 100 100 74 13 59 100 98 21 46 64 100 100 100 40 78 100 99 85 100 8 57 100 100 100 41 15 100 100 100 2 51 14 84 100 11 100 70 100 100 100 100 54 88 38 100 5 100 100 23 3 100 100 100 100 100 100 100 100 76 100 100 49 100 100 8 100 100 100 100 100 100 100 100 37 77 35 27 100 100 8 100 75 100 100 100 100 100 100 100 100 100 100 6 100 100 100 100 42 100 100 100 100 100 10 100 100 73 100 100 100 100 100 93 100 100 100 100 100 100 100 100 25 100 100 100 73 46 45 79 100 100 100 100 100 100 100 100 100 49 100 100 31 87 100 100 26 68 56 100 100 100 100 100 100 67 83 35 100 100 100 95 100 58 27 100 100 100 96 100 100 100 55 100 
55 4 100 10 16 57 30 99 24 2 100 100 46 12 29 100 100 100 6 100 59 40 51 25 98 34 100 100 100 71 1 100 100 100 100 100 44 100 100 100 100 100 100 100 100 56 38 100 100 61 48 100 100 100 27 100 53 100 100 100 100 100 100 100 100 22 100 100 100 100 100 39 26 100 100 58 90 100 100 100 22 100 100 29 100 0 100 100 100 100 49 100 100 100 100 56 75 100 77 100 15 28 100 100 100 100 73 100 100 100 31 100 100 100 100 100 100 100 100 7 100 100 100 11 100 100 100 100 100 29 100 61 100 66 70 100 100 100 100 100 100 100 29 88 100 8 73 100 100 100 9 32 100 100 100 22 100 94 19 86 100 100 100 100 89 100 100 61 81 100 42 17 100 100 76 100 47 
40 3 74 25 51 4 2 13 69 41 45 5 100 80 58 64 10 100 44 100 35 100 32 93 71 100 96 100 100 100 59 100 100 34 53 100 100 100 100 100 82 100 100 100 73 100 37 100 22 100 90 100 100 100 100 100 100 100 100 100 100 100 100 100 31 100 100 100 100 100 100 100 60 88 100 100 100 100 100 49 100 100 100 100 32 100 100 100 100 100 33 100 100 100 100 100 100 100 100 52 54 100 100 100 100 100 100 100 100 27 100 5 100 100 100 100 100 100 100 100 100 100 100 100 100 100 100 100 61 100 43 100 100 39 100 92 76 72 99 100 100 100 70 100 61 87 100 100 100 80 42 100 100 100 97 100 100 100 100 100 100 48 24 66 100 100 72 100 91 30 100 100 100 6 54 85 
61 59 42 9 100 100 2 17 12 100 46 83 27 100 58 39 46 100 31 52 74 80 86 100 100 100 100 23 100 100 100 88 80 100 70 98 100 100 100 100 100 100 100 25 100 100 34 27 13 100 100 100 49 100 100 100 100 87 100 100 100 100 100 54 100 100 73 100 100 100 100 100 100 100 100 100 100 28 9 100 100 54 100 18 100 100 100 100 100 100 100 100 84 68 6 100 100 100 100 56 100 5 100 100 100 75 91 100 5 100 100 100 100 100 67 100 100 100 100 100 100 100 100 46 100 100 100 8 100 78 100 100 100 100 77 21 100 26 100 100 49 100 100 42 100 100 100 57 100 27 100 100 100 97 50 79 55 7 100 100 100 100 41 72 100 22 99 95 100 100 100 85 100 90 100 
78 65 20 60 95 94 76 24 100 6 56 49 2 63 100 42 42 100 30 33 8 100 69 92 72 100 66 55 100 100 100 100 84 100 59 98 100 37 100 32 100 100 75 100 100 86 31 100 100 85 100 100 93 100 100 100 71 100 100 100 100 100 61 100 100 18 100 11 100 100 100 100 13 100 100 100 31 54 100 100 61 100 6 100 100 100 100 100 100 100 100 100 49 27 100 100 100 100 45 100 100 100 100 100 100 100 26 97 100 100 100 100 100 100 100 100 100 100 100 100 100 100 18 83 100 21 97 100 46 100 100 100 100 90 100 77 100 19 100 43 100 100 18 9 100 47 100 28 97 50 100 100 42 100 100 100 100 44 67 40 100 100 100 100 6 100 100 91 100 100 100 100 100 100 
61 70 23 14 100 11 100 100 43 100 68 60 24 76 56 82 21 12 100 0 90 53 69 41 100 100 15 48 22 65 100 100 63 100 81 100 38 100 57 100 100 100 100 62 100 73 100 18 67 20 100 1 100 47 100 19 88 100 100 100 100 43 79 100 8 100 100 100 100 100 100 100 100 25 100 28 29 100 100 56 100 9 100 100 100 100 100 100 71 100 100 43 61 100 17 100 100 22 100 100 100 100 100 100 100 100 56 100 100 100 100 100 100 100 100 100 100 100 100 100 100 49 100 100 100 42 27 18 100 100 100 100 100 100 100 100 36 100 62 100 100 54 68 98 100 100 95 73 100 100 83 87 100 100 100 100 100 100 100 100 100 100 50 6 100 49 66 99 100 100 100 100 100 
37 82 30 66 99 100 71 75 98 56 50 100 100 32 100 100 67 9 22 72 100 33 63 100 100 90 100 100 100 100 100 5 7 27 100 19 100 44 100 100 68 68 97 100 29 85 100 100 11 100 77 100 100 100 100 100 100 100 100 100 6 100 100 100 100 74 100 100 100 100 26 100 100 21 54 100 100 100 27 20 18 100 100 100 100 100 100 100 100 100 100 29 100 100 100 100 31 100 100 100 58 100 100 100 100 27 100 100 100 100 100 100 100 100 100 100 100 100 100 100 100 100 83 100 68 100 75 100 96 100 100 100 100 100 36 100 100 100 100 100 73 95 100 1 100 54 73 100 100 100 45 100 100 69 100 100 100 76 100 17 53 100 28 14 84 100 88 100 79 100 2 4 
52 65 63 98 21 82 5 58 89 53 79 100 75 88 100 14 69 95 12 100 100 76 100 100 100 74 40 100 100 47 100 100 100 7 100 100 100 100 100 68 100 100 44 53 93 91 100 86 100 100 100 100 100 94 100 100 100 100 100 61 100 10 8 84 100 100 100 100 100 100 100 100 100 22 75 100 100 32 100 100 100 100 100 100 100 100 100 100 100 45 6 100 36 100 29 31 100 100 100 100 100 34 100 100 8 100 100 41 100 100 100 100 100 35 100 100 100 100 100 0 1 100 100 61 50 56 100 100 100 100 100 100 100 23 100 100 95 100 11 100 56 100 100 100 87 5 100 24 100 5 27 100 100 100 100 100 100 100 100 100 15 73 38 100 100 100 100 100 13 77 100 
0 65 12 48 100 61 96 46 81 100 57 56 100 70 100 100 68 100 38 41 100 44 100 7 77 6 94 58 100 100 76 100 100 100 100 36 83 51 46 100 100 100 49 24 100 100 91 90 100 100 100 100 100 100 100 100 100 100 95 11 100 80 100 100 100 100 100 100 100 100 100 19 100 100 100 100 100 100 62 100 100 100 100 100 100 100 100 100 22 100 100 100 100 100 42 100 100 100 100 100 100 100 55 43 100 100 100 100 100 100 100 100 100 100 100 100 100 100 9 100 100 86 62 100 8 100 98 100 100 100 100 1 100 100 100 6 100 100 6 100 100 100 100 43 42 100 75 100 95 20 100 100 100 100 93 100 100 100 100 72 27 22 100 100 21 3 59 33 100 100 
50 26 91 16 97 46 87 37 100 84 6 100 15 100 83 46 71 66 100 100 73 85 41 24 1 70 55 100 20 100 100 100 62 19 100 100 100 87 100 96 100 18 100 100 100 100 17 18 100 100 100 100 3 38 100 100 100 61 72 100 100 100 100 100 100 100 100 79 100 100 100 100 100 100 100 54 100 100 100 36 100 100 100 100 64 100 100 100 25 100 100 100 100 18 100 100 100 100 100 100 100 100 5 100 98 100 100 100 100 100 100 100 100 100 100 100 100 80 100 100 100 100 100 100 100 100 100 100 100 100 100 100 100 58 97 100 29 29 45 100 100 100 18 28 33 100 100 8 100 100 100 100 100 100 100 100 100 10 100 97 82 52 100 100 100 69 63 100 100 
84 36 76 97 100 29 42 44 85 32 55 100 3 88 18 100 92 38 67 26 100 100 17 100 40 41 100 100 100 73 100 27 99 34 100 100 6 100 100 71 25 7 100 100 100 100 79 100 100 83 100 80 100 100 100 100 100 100 100 97 97 19 100 30 100 33 100 39 100 100 25 56 14 100 97 100 73 100 100 100 100 100 56 100 100 100 100 31 100 100 100 100 100 100 100 100 100 100 100 100 100 32 100 100 100 100 100 100 100 100 100 100 100 100 100 100 29 91 81 45 29 100 56 100 100 100 100 100 100 25 61 100 100 45 100 100 73 29 100 96 100 9 35 100 100 100 68 100 22 100 100 100 100 100 20 100 100 100 28 100 100 54 100 100 100 100 100 100 
51 50 54 92 97 47 100 53 18 87 100 77 100 68 100 90 100 14 1 86 100 100 79 10 4 100 100 100 100 100 78 100 80 100 38 80 100 100 100 80 100 83 100 100 72 48 100 100 100 100 58 100 25 100 5 68 63 100 73 100 100 100 100 100 100 100 100 64 100 0 80 88 100 22 100 68 100 100 100 89 100 100 100 85 100 56 97 100 100 100 100 43 100 100 100 100 100 100 100 100 95 100 100 100 100 23 100 100 100 100 100 100 100 100 100 25 100 100 100 35 100 9 100 7 100 100 100 100 100 100 100 100 80 100 100 27 31 100 100 100 45 97 100 100 100 9 32 100 20 100 100 100 100 100 52 100 16 62 73 59 100 100 56 60 100 62 100 
19 29 75 42 26 54 70 100 100 100 92 100 5 100 63 94 100 100 69 100 100 100 100 100 86 100 84 90 6 100 100 100 100 100 97 82 85 100 100 100 65 87 100 100 100 0 14 81 88 100 100 66 100 100 87 100 100 100 100 100 100 100 100 100 100 100 100 100 100 80 100 100 100 100 25 100 100 100 100 100 100 100 100 100 9 80 100 100 100 44 28 100 100 100 100 100 100 100 100 80 100 100 100 100 22 100 100 100 47 100 100 100 100 100 62 100 100 33 95 100 27 100 100 100 93 100 100 100 100 71 100 78 100 100 29 45 100 100 100 100 35 100 100 1 29 100 100 10 58 39 74 100 100 100 100 100 35 17 100 60 100 100 97 100 100 100 
18 59 35 99 53 30 62 100 65 43 26 28 55 4 87 39 11 100 73 54 100 41 100 100 100 100 13 29 100 100 100 44 70 43 100 100 100 32 100 100 100 100 100 81 100 100 100 100 100 34 15 100 100 0 100 100 32 100 100 100 100 100 100 100 100 100 86 6 0 24 100 95 100 27 100 100 100 100 100 67 100 100 32 25 6 100 100 100 100 62 100 100 100 100 100 100 100 100 100 100 100 100 100 100 100 100 100 100 100 100 100 100 52 42 100 100 100 100 100 49 100 100 100 100 100 100 23 100 100 100 62 100 100 75 100 100 100 100 5 8 100 100 100 25 100 36 88 100 72 100 17 100 79 100 100 97 100 100 100 93 58 100 74 51 100 
9 85 73 32 80 76 95 27 35 22 38 6 35 68 28 29 31 31 56 6 49 80 25 46 73 42 56 49 46 100 97 6 64 22 9 18 33 68 29 61 100 35 80 9 32 9 42 100 68 95 100 0 98 61 6 17 97 95 68 9 6 25 42 80 22 28 67 4 87 45 86 9 55 75 25 8 35 49 46 56 73 9 21 51 5 0 87 29 3 73 54 0 0 95 29 27 43 91 32 42 0 0 27 25 68 42 80 5 9 68 29 100 30 95 100 100 50 61 36 49 78 46 32 28 78 6 97 35 9 71 35 25 68 53 5 28 28 93 59 73 35 18 41 22 5 42 8 0 54 25 29 18 100 35 63 42 68 8 18 35 32 5 25 15 
87 93 17 65 31 100 40 100 1 8 27 100 2 50 39 48 30 21 63 100 100 62 100 22 57 100 100 100 100 51 100 100 100 100 100 78 9 100 100 100 43 100 77 100 100 74 60 36 100 100 47 100 100 100 100 100 100 100 100 100 100 100 71 100 100 100 80 100 34 43 100 49 100 100 100 100 100 100 100 100 100 100 100 100 100 100 100 100 100 100 100 100 100 100 100 100 100 100 100 3 76 100 100 100 100 100 100 100 100 100 100 100 100 100 100 22 100 100 100 100 100 100 100 100 100 100 10 100 100 100 100 32 100 11 85 55 100 100 100 37 100 22 100 100 100 100 100 100 100 100 100 67 100 46 69 100 100 100 100 82 100 100 5 
49 78 27 14 27 28 0 100 79 6 9 42 28 22 49 28 9 9 5 78 100 8 29 95 100 0 68 45 45 9 19 61 31 54 76 97 35 62 49 49 87 6 95 75 62 68 28 25 97 95 4 6 46 13 100 27 56 35 27 87 18 31 41 100 66 36 32 56 17 35 1 18 31 0 49 56 29 100 61 31 16 2 100 100 73 25 21 32 100 100 9 9 49 43 100 55 8 62 87 68 100 46 62 97 27 49 100 49 31 43 47 100 56 100 71 18 44 56 87 9 31 32 27 25 56 8 54 91 62 8 84 50 78 100 5 51 72 42 87 28 65 6 42 68 31 45 61 100 5 100 31 73 57 68 87 100 62 54 25 27 80 27 
20 23 31 85 12 97 14 95 39 94 79 100 4 100 100 100 13 52 100 69 67 57 100 100 65 64 100 100 100 80 63 100 100 87 100 11 100 82 100 9 84 100 100 16 100 100 3 100 100 100 100 100 80 100 100 100 41 100 100 100 100 100 100 49 45 100 100 27 100 100 100 100 100 100 92 100 100 100 100 45 0 100 100 100 100 5 100 100 100 100 100 100 100 100 42 100 100 100 100 91 100 100 100 100 100 100 100 100 100 25 100 100 100 27 100 9 100 100 100 100 100 100 100 100 100 100 73 100 54 18 8 51 100 100 97 42 100 100 100 68 100 100 100 88 100 100 100 100 100 33 100 22 100 83 100 100 100 100 100 89 66 
100 35 98 57 74 77 22 96 100 100 85 65 100 93 100 66 100 100 95 16 100 100 72 100 100 100 14 100 80 100 100 60 29 100 84 100 55 67 100 78 76 100 100 35 39 100 100 100 95 100 40 27 71 100 100 100 100 56 100 100 100 100 73 97 100 100 80 100 49 100 100 100 100 100 100 100 100 100 45 73 19 100 100 100 25 100 100 26 100 100 100 100 100 62 100 50 100 100 87 100 100 100 94 100 100 100 37 82 100 100 100 100 8 10 97 100 38 100 100 100 100 100 100 100 100 73 100 100 27 54 100 100 86 18 22 100 100 100 100 100 100 100 100 100 100 100 100 9 100 100 68 18 36 100 100 34 100 100 15 100 
32 19 64 100 66 35 100 51 47 12 13 4 100 43 100 100 1 100 100 36 88 44 60 15 98 100 17 6 100 69 100 6 100 100 100 100 93 100 100 20 100 2 100 100 100 100 100 95 81 100 5 100 100 33 100 100 100 100 100 100 100 100 45 100 100 18 100 95 100 100 100 91 100 100 100 100 100 5 29 100 100 100 100 27 100 100 92 100 100 100 100 100 42 100 100 71 100 100 100 100 100 96 100 100 100 100 100 45 100 100 68 8 100 95 100 100 100 100 100 100 100 100 100 100 35 100 100 27 87 100 100 100 28 87 48 38 100 75 100 100 80 100 100 100 90 100 100 100 100 8 77 100 78 100 100 100 100 73 100 
80 54 8 45 50 100 22 29 100 18 61 54 27 0 61 27 31 9 80 22 22 95 46 6 49 46 96 46 22 61 11 78 46 97 31 49 54 49 35 78 73 6 75 49 80 68 1 73 9 12 35 32 5 78 49 78 97 62 100 100 70 84 0 25 41 6 38 61 32 18 75 0 61 45 0 9 37 65 80 95 22 8 33 100 95 49 49 100 32 27 0 94 56 87 100 45 68 28 22 31 9 46 46 62 100 6 15 25 75 100 34 100 21 100 100 22 6 18 54 56 5 100 100 48 94 8 93 55 73 54 100 88 58 68 54 25 63 16 35 22 32 100 95 100 80 61 87 8 24 62 95 95 6 42 29 100 49 95 
96 100 23 100 47 84 100 100 100 100 100 70 100 48 49 52 22 100 100 20 100 36 100 100 80 29 100 100 100 35 64 34 100 100 14 17 100 100 38 59 100 57 100 100 100 31 78 25 78 100 100 100 100 100 15 12 100 100 50 100 8 100 66 62 100 46 100 41 33 100 100 100 100 71 100 9 100 100 100 100 10 31 63 100 100 100 51 100 100 100 29 100 100 100 100 100 100 100 100 100 100 100 100 100 100 78 100 100 100 100 100 43 100 100 100 100 100 100 100 7 100 100 0 100 61 32 97 100 100 21 56 45 100 100 100 100 100 100 100 100 100 100 100 100 83 100 100 29 100 100 100 100 86 100 100 100 100 
11 50 25 41 75 48 58 29 100 88 100 37 55 23 67 100 100 2 16 100 25 100 10 77 95 100 100 100 6 38 100 13 1 52 86 60 30 100 100 7 80 17 100 100 87 100 100 62 100 100 100 100 100 100 100 100 100 100 31 75 100 100 61 100 100 100 100 26 100 100 100 100 100 100 43 25 100 100 100 100 6 100 100 100 100 100 100 100 100 78 100 100 85 100 100 100 94 100 100 100 100 100 100 100 27 100 100 100 42 100 35 100 100 100 100 100 100 100 100 100 100 62 100 100 87 5 100 9 100 5 73 100 100 100 18 44 100 100 100 100 100 100 100 100 100 100 87 100 66 100 100 76 100 100 3 100 
57 18 81 91 63 100 95 99 39 44 36 13 100 41 100 45 71 64 83 100 69 100 29 27 100 84 65 75 100 100 100 72 100 100 17 100 100 100 19 100 100 100 100 71 100 100 22 100 100 23 100 100 100 100 100 20 100 27 87 61 100 68 100 61 100 37 100 100 100 100 25 33 100 68 0 100 100 100 100 46 100 100 100 89 100 100 100 100 25 100 100 100 100 100 100 100 100 100 100 100 100 100 100 0 100 100 100 46 100 9 100 100 24 100 100 100 100 100 100 100 100 100 100 68 62 100 26 100 68 35 100 100 100 95 100 100 100 100 100 100 100 100 98 100 100 87 100 73 100 100 100 100 100 100 38 
22 79 100 36 30 75 100 58 60 53 100 100 19 96 39 100 86 100 100 100 100 76 100 16 100 100 100 100 100 100 13 2 38 12 100 100 100 100 52 100 100 43 25 100 100 100 64 100 100 11 100 100 100 100 100 100 100 68 100 62 28 100 18 100 100 100 100 100 100 100 100 65 100 97 17 100 100 100 0 100 100 100 100 55 100 100 15 100 100 100 34 100 100 100 100 100 100 100 100 100 100 100 78 100 100 100 100 100 22 100 100 3 100 41 100 100 100 100 100 100 100 100 8 80 100 100 100 100 22 100 82 100 100 100 100 100 100 100 100 100 100 100 94 100 5 100 100 100 100 93 100 100 56 100 
22 42 28 61 75 28 18 0 28 27 5 73 35 95 42 32 54 25 35 6 62 1 0 45 78 74 54 97 56 100 68 35 35 5 28 100 42 78 95 25 6 58 0 100 71 42 9 95 5 97 0 100 45 56 46 96 3 95 25 53 61 36 54 73 22 8 27 100 27 56 87 94 64 56 61 87 46 20 29 27 100 100 62 22 75 100 13 73 8 95 25 43 100 31 100 43 9 100 75 42 100 4 42 54 5 44 100 47 8 100 43 95 97 31 43 18 100 25 55 68 31 85 70 80 100 9 67 48 32 56 46 59 29 97 68 28 42 95 25 32 100 87 42 14 42 0 22 8 97 8 46 31 54 
40 13 100 51 91 20 83 3 29 100 60 10 100 100 100 100 100 50 100 66 100 100 56 17 97 100 100 100 100 34 100 74 61 100 100 100 100 100 100 100 100 100 100 31 100 100 100 100 100 100 63 52 100 100 100 32 100 100 95 100 100 100 44 100 100 100 100 100 100 100 80 18 69 22 100 100 87 100 100 100 100 100 100 100 100 22 100 100 100 100 100 100 100 100 100 100 100 100 7 100 100 100 100 100 8 100 78 100 100 100 100 100 100 100 100 100 100 100 100 100 49 54 100 100 100 49 100 100 100 100 5 100 100 100 100 100 100 100 100 68 100 21 22 100 11 100 58 100 100 100 100 92 
82 7 37 83 67 100 72 14 89 17 68 100 100 23 31 100 19 96 24 100 100 44 33 22 100 100 100 100 70 100 30 52 65 41 100 100 10 100 100 49 100 100 5 100 100 100 100 100 100 100 100 12 100 61 61 100 100 5 100 32 100 100 100 100 100 100 100 100 100 56 62 100 100 86 100 0 100 100 100 100 100 1 100 100 6 100 100 100 100 100 100 100 100 100 100 100 100 100 100 95 100 100 100 31 100 95 100 100 100 100 100 100 100 100 100 100 29 100 100 18 25 100 100 100 18 62 85 100 100 25 15 100 100 100 100 100 100 100 100 100 3 29 100 100 100 100 100 100 58 100 21 
100 59 58 37 20 90 26 100 4 100 53 21 65 66 51 55 100 64 40 100 100 100 5 100 100 100 77 100 100 32 49 100 100 100 100 85 40 34 97 16 100 46 96 100 100 23 100 100 100 100 50 14 8 45 100 100 6 100 32 100 100 100 100 100 100 100 100 100 46 75 100 100 100 100 31 100 100 100 100 100 100 100 100 97 100 100 100 60 100 100 100 100 100 100 100 100 100 100 32 100 100 100 28 100 29 100 100 100 100 100 100 100 100 100 100 9 100 100 62 75 100 100 100 80 28 100 100 100 100 100 100 100 100 100 72 100 100 24 100 100 25 100 100 100 100 100 100 100 100 100 
52 13 10 100 17 100 100 98 53 100 38 40 61 60 100 1 20 28 59 26 100 80 100 100 34 100 74 16 100 100 100 100 100 71 89 36 100 9 100 48 43 100 54 100 100 100 91 90 94 100 100 68 49 100 33 80 100 97 100 8 100 100 81 100 100 100 100 100 54 100 37 100 100 54 100 100 100 100 100 100 100 100 100 100 100 100 100 100 100 100 100 100 100 100 100 100 100 42 100 100 100 75 100 62 100 100 100 100 100 100 100 100 100 100 80 100 100 100 5 100 100 100 42 43 100 100 100 29 3 100 100 57 100 100 100 100 100 100 100 0 100 100 100 100 47 100 100 100 88 
96 32 57 23 66 35 100 60 50 93 77 80 45 90 84 10 49 21 87 100 8 40 63 100 94 86 100 100 100 100 53 100 33 7 30 76 100 100 100 68 34 100 82 100 100 100 71 100 100 88 73 95 100 100 6 100 61 100 100 100 100 100 100 100 14 100 100 75 100 100 100 100 100 100 100 100 100 100 100 100 100 42 100 100 100 100 100 100 100 100 100 100 100 100 100 100 31 100 100 100 73 100 100 100 100 19 100 100 100 100 100 100 100 97 100 100 100 22 100 100 100 54 95 100 89 100 61 100 100 100 100 100 100 100 38 100 100 100 5 100 100 98 100 100 100 100 100 64 
64 37 21 100 24 18 100 100 100 100 42 100 65 100 100 100 94 3 14 5 100 100 98 19 63 33 50 41 57 100 100 55 44 100 2 5 100 26 42 100 100 34 100 100 100 100 100 100 89 100 28 7 100 5 100 100 100 100 100 100 100 100 100 100 100 95 62 100 100 88 100 68 100 100 100 100 100 100 100 100 25 100 100 100 100 100 100 100 100 100 100 100 100 100 100 49 100 100 100 8 100 6 100 100 100 100 100 100 100 100 100 100 100 100 100 68 100 100 100 100 100 32 100 100 100 42 100 30 100 100 100 100 100 67 100 100 100 5 100 100 100 100 100 10 100 100 36 
51 24 63 2 82 100 100 50 100 23 11 100 12 84 95 3 57 40 78 100 19 66 48 100 100 21 100 36 100 91 100 100 92 100 35 100 100 54 100 100 70 100 83 100 100 100 100 100 43 100 100 100 35 13 97 81 100 100 100 100 100 100 100 100 100 56 100 100 100 100 43 100 100 100 100 25 46 100 100 27 100 100 100 100 100 100 100 100 100 100 100 100 100 100 28 100 100 100 43 100 49 71 100 100 100 100 100 100 100 100 100 32 100 100 78 54 100 100 100 42 5 16 100 100 8 100 100 100 100 100 100 100 100 100 100 100 54 100 100 94 100 100 100 100 100 100 
39 4 66 40 41 19 91 13 100 100 76 16 96 97 50 98 26 62 89 100 100 100 100 100 47 100 100 100 75 100 100 63 100 22 100 100 22 100 100 100 53 100 100 92 100 3 100 8 5 25 100 100 52 27 100 100 100 100 100 100 100 100 100 100 5 100 100 100 100 49 100 100 100 100 100 100 100 100 54 79 100 100 100 100 100 100 33 65 100 100 100 100 100 100 100 100 100 45 100 32 100 100 100 100 100 100 100 100 100 100 100 100 100 87 75 100 100 100 100 35 100 100 100 25 8 100 100 100 100 100 100 100 100 100 100 95 100 100 100 100 100 100 100 100 34 
95 59 100 0 94 15 10 100 14 92 60 50 80 100 100 29 68 100 58 100 7 100 47 38 100 100 100 100 84 100 11 100 31 100 100 95 100 100 100 100 100 93 76 100 100 100 8 25 33 100 46 100 68 100 28 100 41 100 100 98 48 100 54 23 4 100 100 100 42 100 100 100 100 100 100 100 100 43 100 100 100 100 100 100 100 100 100 100 100 100 100 100 87 100 100 100 0 100 22 100 100 100 100 100 100 100 56 100 2 32 100 100 95 27 100 100 100 97 45 100 100 100 80 100 100 100 100 67 100 100 100 100 100 100 42 100 100 100 74 100 100 100 100 100 
100 1 31 100 80 36 15 50 100 100 100 35 72 100 73 8 91 24 81 38 19 100 100 100 89 100 100 100 100 100 100 31 100 16 0 93 100 100 100 100 100 100 100 100 100 35 61 100 100 25 56 25 34 100 100 100 100 51 100 100 100 43 29 100 100 100 83 18 100 100 100 100 21 100 100 100 46 37 100 100 100 100 100 100 100 100 100 53 60 100 100 27 3 100 100 9 100 100 100 100 100 100 100 100 100 100 100 100 31 100 100 73 62 100 100 100 27 54 100 100 100 95 100 100 92 100 100 100 100 77 100 47 100 75 100 100 100 100 98 100 100 100 100 
90 93 100 100 69 10 86 47 72 57 18 36 100 99 29 100 95 60 100 77 63 100 100 100 100 100 100 37 16 79 42 92 100 97 100 70 100 100 20 11 100 100 26 48 62 18 100 100 18 45 62 100 100 100 100 100 100 100 100 100 0 97 74 39 100 14 22 100 100 100 38 100 100 100 100 97 100 100 100 100 100 100 100 100 76 84 100 100 100 100 0 100 100 100 62 17 35 40 100 100 100 100 100 100 100 100 100 5 100 100 54 97 100 100 100 43 61 88 100 100 9 18 100 100 100 100 100 100 100 81 100 100 80 100 100 13 100 100 100 100 100 100 
83 30 74 96 100 79 77 57 100 100 100 12 100 56 100 26 100 100 100 70 46 81 63 100 100 73 72 91 3 45 36 100 45 100 100 100 100 100 100 85 100 100 100 78 9 100 100 5 100 0 100 100 100 44 100 100 88 100 100 73 29 100 100 100 100 31 76 100 100 100 100 100 100 38 80 100 100 100 100 100 55 100 100 100 100 100 100 100 100 100 100 100 100 42 100 28 100 100 100 100 28 100 100 100 100 100 43 33 100 54 29 21 100 100 75 0 100 100 100 25 100 27 100 15 99 100 100 100 100 100 100 61 100 100 100 100 100 100 100 100 100 
52 55 47 39 1 51 74 12 8 100 100 100 25 65 38 100 100 100 26 100 90 100 77 72 87 100 59 58 28 76 100 35 98 66 100 100 100 100 100 100 100 100 0 46 100 100 49 100 64 100 100 100 100 100 100 48 100 42 100 54 100 100 100 100 35 100 100 2 100 100 61 100 100 73 100 100 14 100 100 100 100 86 100 100 100 100 100 100 5 100 100 100 35 100 8 100 100 100 100 100 100 100 100 100 100 6 100 100 27 28 100 100 100 100 78 100 100 100 62 100 100 78 100 100 18 100 100 100 9 100 61 100 100 100 100 100 100 89 100 100 
24 1 40 88 86 15 23 95 100 0 100 73 11 5 17 100 51 4 96 63 100 100 70 100 100 100 66 6 100 90 45 100 100 100 100 100 79 100 100 100 100 42 61 100 100 43 100 27 33 100 100 100 58 100 100 100 93 100 28 100 100 100 100 45 100 100 100 100 100 54 100 100 56 100 67 100 100 55 100 100 100 100 100 100 100 71 100 9 100 100 100 8 100 5 100 100 100 100 100 100 100 100 100 21 68 100 100 100 25 100 100 100 56 8 100 100 60 95 100 100 100 81 100 100 82 100 100 100 100 46 100 100 100 100 100 100 100 100 100 
37 36 100 60 100 39 54 100 20 3 0 69 100 100 76 100 10 42 100 23 100 47 100 100 100 17 62 100 100 0 100 100 72 100 53 100 100 66 100 84 100 42 100 83 68 100 61 100 100 100 100 100 100 100 100 100 54 31 100 100 100 100 100 100 100 100 100 30 100 100 100 32 100 6 100 19 100 100 100 100 100 100 100 100 100 100 27 100 70 100 73 100 100 100 77 100 100 100 100 100 12 100 100 100 100 100 35 18 100 100 100 97 49 100 100 100 49 100 100 100 100 52 1 100 100 100 100 100 100 34 100 28 100 100 46 100 100 100 
35 21 100 39 52 32 58 59 91 9 100 70 74 30 100 41 51 34 100 46 100 11 81 49 100 49 38 100 62 100 71 100 100 100 100 100 100 100 100 62 62 98 100 78 100 22 100 100 100 33 100 100 50 100 100 80 49 100 100 89 100 42 100 100 67 100 100 100 100 100 80 63 100 100 100 100 100 87 100 100 100 100 100 100 100 100 100 100 92 68 100 29 100 100 100 100 83 100 100 100 100 100 22 100 100 75 29 100 100 42 8 80 100 100 100 43 57 100 100 100 100 100 100 100 100 100 100 61 100 100 100 100 100 100 15 100 100 
13 100 52 44 75 98 18 53 87 99 74 100 81 68 11 100 100 25 58 87 100 86 7 30 68 91 100 8 17 100 100 100 71 55 100 100 77 100 62 28 100 100 31 26 42 24 100 100 100 100 100 100 100 100 8 35 100 56 100 100 46 100 100 100 100 100 100 69 84 5 100 100 100 100 100 100 100 100 100 100 100 100 100 100 9 100 100 41 62 100 49 100 100 100 100 100 100 100 100 100 100 0 100 100 43 56 100 2 100 61 80 100 100 57 95 100 100 100 100 100 100 100 100 100 100 100 49 21 100 100 100 100 100 100 100 100 
5 4 100 80 100 33 38 18 90 100 61 100 100 95 34 68 98 57 59 81 84 100 39 18 100 67 56 100 100 85 100 100 100 100 100 100 100 97 54 100 100 35 100 22 100 100 100 77 100 76 100 10 100 31 32 66 100 53 100 56 100 100 44 100 96 100 30 100 56 100 100 100 100 100 100 100 100 100 100 100 100 100 26 56 100 100 100 49 100 73 100 100 100 100 100 100 100 100 100 100 5 100 100 95 28 100 100 100 18 5 100 100 100 27 100 100 100 100 100 100 100 100 100 100 100 5 89 100 100 100 65 100 100 100 100 
0 27 68 100 52 9 62 67 100 82 83 99 30 24 100 100 100 2 100 91 58 100 100 100 100 61 18 1 100 79 39 100 10 59 100 100 62 100 100 100 75 100 54 12 68 100 100 100 100 100 100 100 25 22 100 100 7 100 100 100 100 100 100 100 100 84 100 100 100 100 100 100 100 100 74 100 100 100 100 100 100 100 100 100 100 100 28 100 100 100 100 100 100 100 100 100 100 100 100 75 100 100 100 43 100 100 100 100 97 100 100 100 100 100 100 100 100 100 100 100 100 100 100 100 100 100 48 3 100 13 100 100 100 89 
100 27 33 65 11 62 100 54 7 89 48 69 100 100 68 17 100 94 80 100 6 0 25 100 31 100 85 100 100 100 29 100 21 100 100 43 31 76 100 56 100 35 88 47 49 100 100 26 66 100 100 68 68 100 100 92 100 95 100 100 100 90 79 100 100 100 100 100 100 100 100 100 100 100 100 99 100 58 100 100 100 100 100 100 100 97 100 8 20 100 100 100 100 100 100 100 100 100 5 100 100 31 100 100 100 100 80 56 100 100 55 46 100 86 100 100 100 23 100 100 100 100 100 43 100 100 9 100 100 2 100 100 100 
56 47 74 100 25 34 94 16 100 100 100 81 48 100 100 28 85 60 72 71 95 3 100 75 65 33 100 100 73 18 100 100 40 100 80 32 86 63 78 100 62 92 100 82 100 100 100 100 100 100 97 42 100 100 100 100 43 100 58 100 100 100 100 100 100 73 100 100 100 100 100 100 100 100 100 100 100 100 53 100 8 100 100 100 100 100 56 100 100 100 100 100 100 100 100 100 100 54 100 100 0 97 100 4 36 80 54 100 100 100 28 100 100 100 100 100 100 100 100 100 100 100 32 100 100 100 100 100 100 100 100 100 
68 32 54 89 56 49 29 22 62 35 22 6 61 35 68 31 22 78 35 14 100 68 48 0 74 78 29 6 5 5 5 87 43 3 99 18 95 47 29 23 61 95 49 9 9 100 100 100 62 69 85 9 42 87 25 40 46 80 100 42 100 100 100 100 26 28 73 80 0 100 61 56 100 100 73 29 54 100 100 98 43 46 75 60 100 91 97 100 29 35 100 28 100 97 100 100 7 49 0 90 92 75 28 100 72 34 31 45 8 20 100 43 5 97 73 68 100 29 25 18 29 76 5 49 46 18 22 46 5 29 42 
71 64 87 79 93 51 53 100 15 100 100 34 42 1 100 100 37 100 0 67 4 61 100 12 86 77 100 7 100 100 70 69 35 49 100 54 78 100 6 100 100 100 100 100 100 100 100 100 49 97 100 14 55 100 100 100 84 52 100 100 100 100 100 22 100 100 100 100 100 99 100 100 100 76 100 100 100 100 80 100 100 19 46 100 78 2 100 100 100 100 100 100 30 17 100 28 100 100 75 61 100 41 100 78 0 96 100 100 56 100 45 100 100 100 100 100 100 100 100 48 75 74 100 100 100 100 100 100 100 28 
82 95 10 14 70 60 76 66 2 93 51 75 89 92 100 32 100 54 41 29 22 86 100 100 100 100 13 48 100 24 100 100 35 63 50 95 94 100 100 100 100 100 100 100 100 100 7 61 0 100 100 100 80 45 67 100 100 100 100 100 100 100 35 100 100 100 100 100 100 100 100 100 100 100 100 100 100 100 100 100 100 68 100 25 100 100 100 100 100 34 100 100 100 100 29 78 100 42 97 100 100 100 46 32 100 100 100 75 100 100 100 100 100 100 100 100 100 28 100 9 100 100 100 100 100 100 19 100 100 
8 77 41 4 10 100 90 100 100 93 21 66 83 100 31 35 28 100 100 45 85 100 100 100 23 100 1 18 100 100 54 87 30 100 45 37 43 59 100 100 100 100 100 100 100 100 97 75 67 100 100 100 25 20 55 100 48 100 100 100 100 6 100 47 100 100 100 100 100 100 100 100 100 100 100 100 28 98 100 74 35 100 35 100 100 100 100 100 61 100 76 100 100 43 100 100 5 95 100 100 16 8 9 100 100 100 43 100 100 51 100 100 100 100 100 100 100 100 100 100 100 100 100 87 100 100 79 100 
22 8 31 18 62 73 9 29 31 73 31 56 31 49 62 53 46 42 64 32 56 56 8 0 43 70 32 25 68 34 10 87 56 88 22 39 78 42 56 75 31 100 49 25 49 7 12 5 100 9 29 90 8 62 49 100 49 75 32 87 71 5 87 35 100 31 100 62 61 49 25 28 5 28 100 99 68 43 46 93 100 94 78 61 75 27 100 100 5 80 54 61 59 32 42 57 17 75 61 100 40 26 33 95 42 69 25 25 87 29 95 87 9 61 29 27 18 60 46 45 49 49 68 25 100 56 32 
66 100 15 100 87 76 35 3 60 100 100 100 100 100 35 21 100 42 82 51 63 43 17 86 8 41 100 100 46 28 96 58 8 100 97 100 100 53 23 100 100 100 100 100 100 54 100 28 98 100 54 100 44 100 100 100 100 100 100 61 52 100 100 100 100 100 19 100 100 100 100 100 100 100 62 100 100 100 56 100 6 100 100 100 100 100 100 75 100 100 100 28 100 100 22 22 14 100 100 6 100 100 16 100 28 100 100 100 100 100 100 100 100 100 100 100 31 100 100 100 100 81 100 100 100 100 
30 33 44 85 37 25 100 81 100 100 100 100 1 27 100 100 46 100 100 4 100 96 64 100 99 100 100 73 25 82 12 27 100 97 55 100 100 100 100 100 59 76 100 5 68 60 100 47 100 9 100 100 100 39 100 89 36 100 49 100 100 100 100 100 100 100 100 100 100 100 100 100 86 46 100 100 100 0 100 56 100 100 100 100 100 100 100 100 100 100 75 100 100 22 68 100 100 100 56 78 100 100 100 80 100 100 100 23 100 100 100 100 100 100 100 35 100 100 100 100 100 100 100 100 100 
79 100 59 14 54 21 3 84 90 93 44 91 68 12 100 9 100 100 50 2 41 47 83 33 100 37 28 43 72 100 95 77 32 100 100 100 8 100 100 24 100 100 61 80 100 100 15 100 97 100 100 100 65 100 100 100 100 28 100 100 100 100 100 100 64 100 100 52 100 100 88 100 45 100 100 38 25 100 5 100 100 100 100 100 100 100 100 100 100 43 100 100 95 5 100 100 100 32 49 100 100 100 75 100 100 100 100 100 100 100 100 100 100 100 28 100 100 100 100 100 100 100 100 100 
23 100 63 100 71 32 100 100 100 96 74 31 93 6 27 100 100 100 100 37 98 59 100 100 92 61 49 90 36 100 69 62 9 100 100 2 100 100 100 5 100 100 49 100 100 4 100 8 16 100 100 100 100 100 100 100 42 100 100 100 100 100 100 100 100 100 100 100 100 100 47 35 100 67 100 22 100 73 100 100 100 100 100 24 100 100 100 100 80 100 100 100 100 100 100 100 100 100 100 100 35 43 100 100 100 100 41 100 26 100 100 100 100 100 100 100 100 100 100 100 100 39 50 
92 100 100 100 100 24 100 11 13 38 95 100 91 73 100 84 100 100 100 1 41 100 33 12 100 100 58 100 68 39 31 100 45 100 100 40 100 21 3 100 6 56 98 29 37 100 18 100 100 100 100 100 100 100 100 100 100 100 100 100 100 100 100 100 100 100 100 100 100 100 31 100 100 100 100 100 54 100 100 100 100 100 100 100 100 100 100 97 100 100 53 46 79 100 100 27 8 100 100 100 97 100 100 100 100 100 36 100 100 100 100 100 100 100 100 100 100 100 100 100 100 15 
100 96 72 62 100 22 24 100 100 73 100 100 100 83 94 51 100 100 100 100 91 84 99 29 100 100 89 100 100 100 58 31 100 100 100 74 100 100 100 100 87 100 3 100 65 100 82 100 100 100 100 100 13 100 28 100 100 100 100 100 100 100 100 60 100 100 100 100 100 75 100 100 100 28 100 0 100 100 100 100 100 100 100 100 100 100 62 100 100 100 100 100 100 100 87 46 100 100 100 100 100 100 100 100 100 100 100 2 39 100 100 62 100 100 100 100 100 100 100 49 100 
16 100 11 23 44 4 100 40 0 100 18 42 33 20 100 99 72 100 68 48 55 52 43 6 100 93 62 100 100 3 100 79 100 100 100 100 19 39 45 62 100 69 100 100 5 100 100 90 100 100 100 100 100 32 100 92 100 100 100 100 100 100 100 71 100 41 100 100 56 100 100 100 73 100 42 100 100 100 100 100 100 100 100 100 100 29 100 100 18 18 100 100 100 80 46 100 100 100 49 100 100 100 100 100 100 100 100 100 100 100 8 100 100 100 100 100 100 100 100 100 
45 84 11 17 26 83 100 35 94 100 5 89 67 100 4 100 100 100 100 19 7 54 5 71 23 8 100 100 77 98 64 100 88 100 100 100 100 73 18 2 100 100 33 46 50 100 80 69 100 100 100 28 9 82 73 100 100 100 100 100 70 100 100 100 100 100 100 27 100 100 100 62 100 43 100 100 100 100 100 100 100 100 100 100 0 100 100 61 42 100 100 100 75 0 100 100 36 9 43 100 100 100 100 100 65 100 100 100 100 8 44 100 100 100 100 100 37 100 100 
10 44 20 64 100 77 49 17 100 31 4 2 19 46 84 100 52 73 100 100 42 100 67 76 43 41 25 1 14 0 100 59 100 100 15 82 49 56 100 100 100 100 62 100 48 100 99 100 100 47 100 35 58 100 100 100 100 88 100 100 100 100 100 100 100 100 43 11 74 100 43 100 28 100 100 100 100 100 100 100 100 50 100 27 100 40 0 95 100 100 100 42 97 100 100 100 43 100 100 100 100 100 100 100 100 100 100 100 87 100 100 100 100 100 100 100 100 100 
67 76 20 100 12 22 100 100 42 24 100 38 82 100 100 100 100 100 100 95 45 47 100 78 100 28 48 100 99 100 4 100 100 34 100 6 61 100 89 31 96 100 83 100 100 100 1 100 100 100 97 100 100 100 45 100 100 100 52 100 100 100 98 100 100 68 100 100 100 29 100 46 30 100 100 100 80 100 100 100 100 100 28 100 63 68 42 100 100 100 43 18 100 100 100 87 100 14 100 100 100 100 100 100 100 100 100 27 100 100 100 100 100 100 100 100 100 
64 54 55 65 9 100 100 25 39 52 100 100 27 100 100 81 100 100 6 100 100 100 31 85 25 10 100 4 100 53 100 100 100 25 32 100 97 100 100 100 100 100 51 100 100 100 100 100 100 95 100 100 77 15 100 100 100 63 100 100 12 100 98 57 8 100 92 100 22 100 8 100 100 26 100 100 100 100 100 100 100 100 100 100 8 29 100 100 100 0 35 100 100 100 28 86 100 100 100 90 100 100 100 34 100 100 73 100 100 100 100 71 100 100 100 100 
19 24 9 6 37 100 68 100 21 100 100 98 77 88 67 100 26 5 100 50 100 61 48 80 99 86 30 100 16 100 100 100 100 95 32 100 53 23 100 73 1 4 100 100 47 100 100 41 31 100 25 100 100 100 100 100 100 100 100 100 100 100 100 73 100 93 100 73 100 35 18 100 100 100 100 100 100 100 100 100 29 100 100 100 61 100 100 100 29 42 100 100 100 18 100 100 100 100 100 100 100 100 100 100 100 5 15 100 100 100 31 100 100 100 100 
53 90 95 82 23 6 69 31 67 100 45 100 47 100 92 70 49 46 100 100 54 100 35 100 88 100 100 100 100 87 39 100 68 32 100 100 100 100 100 100 100 100 100 100 100 100 100 28 100 96 100 100 100 100 51 59 100 100 100 100 75 100 8 100 100 100 46 100 25 100 100 100 100 100 100 100 97 100 100 56 100 100 100 73 100 100 79 32 62 100 100 100 100 100 100 100 100 100 100 100 100 100 100 100 62 100 100 100 100 1 100 100 100 100 
57 0 66 93 8 14 26 99 27 77 19 89 10 75 100 68 80 100 67 100 100 100 20 100 100 100 100 100 51 100 100 29 35 42 50 100 74 28 100 71 1 81 41 100 33 100 6 100 100 100 85 100 100 100 2 88 100 46 100 100 100 68 100 100 100 80 100 78 100 100 100 100 100 100 64 100 21 100 49 100 98 73 5 100 100 100 100 97 100 100 100 62 100 100 100 100 100 100 100 100 6 100 100 8 100 100 100 100 100 100 100 100 100 
49 59 70 35 88 89 94 93 13 4 84 53 82 80 56 100 87 11 25 100 22 100 92 100 26 55 100 100 100 44 80 45 100 100 48 100 31 100 100 100 100 100 7 100 100 32 100 97 100 100 100 100 100 100 100 100 100 100 100 95 22 100 100 100 100 100 68 100 100 100 100 64 100 67 100 100 100 27 100 100 62 42 100 100 100 18 95 100 100 10 9 100 100 100 50 100 100 100 19 100 100 100 49 100 100 100 100 100 100 100 100 100 
97 80 77 0 42 8 6 78 80 22 56 56 87 57 12 5 100 15 25 20 6 68 75 45 0 43 56 75 25 84 48 5 100 25 29 82 75 100 87 8 49 73 100 68 19 73 28 46 27 18 31 5 25 28 75 6 73 49 100 52 27 68 87 72 68 92 32 100 0 22 45 62 61 54 97 54 44 32 32 41 30 42 42 29 91 47 31 29 54 90 75 31 9 9 61 5 46 100 49 78 73 45 97 31 6 75 42 32 8 18 56 
100 43 70 60 0 48 52 2 100 100 83 100 29 8 51 7 28 100 97 100 100 96 84 100 100 100 80 100 56 32 100 100 100 34 62 100 100 32 100 100 100 100 100 100 13 100 100 33 1 100 100 100 100 100 100 100 100 20 32 100 100 100 35 100 31 100 49 100 100 100 100 39 85 100 100 25 86 100 27 42 100 100 100 61 22 69 100 100 27 100 100 100 100 4 100 100 100 100 100 100 68 100 100 100 10 100 100 100 100 100 
31 60 100 41 92 5 100 39 100 1 94 42 49 74 21 97 63 95 52 100 100 100 100 57 54 36 100 97 22 59 100 100 24 25 55 66 7 19 100 84 100 51 62 100 100 100 35 61 81 86 100 100 100 62 2 100 100 87 100 100 100 73 100 32 17 100 30 100 47 100 100 100 100 100 61 100 100 22 31 88 100 100 35 68 100 100 100 31 100 100 100 100 100 100 100 100 100 50 100 49 100 100 38 100 100 100 83 100 100 
22 35 95 9 46 39 87 75 54 73 65 76 100 46 34 43 59 18 78 87 78 73 28 87 49 27 44 39 28 5 28 32 7 29 43 18 9 73 68 43 73 98 97 29 73 100 31 100 73 100 74 25 97 49 54 62 85 97 5 87 99 22 93 100 97 61 6 29 27 9 35 100 56 26 75 49 79 84 27 78 45 3 15 56 78 97 47 6 62 32 43 62 54 100 62 46 68 28 92 46 100 25 46 54 9 100 0 100 
13 81 16 59 92 51 100 21 8 56 75 100 100 0 76 35 100 57 100 53 27 100 100 100 26 73 29 100 9 100 100 8 66 100 100 100 58 100 100 36 29 100 100 100 100 100 100 100 100 100 100 100 100 2 54 78 100 12 100 6 100 46 100 100 100 37 100 100 100 100 100 100 97 100 100 62 32 100 100 100 25 75 100 100 100 45 100 47 100 100 100 48 94 100 100 100 100 73 100 100 100 100 100 40 100 100 100 
16 76 61 57 86 93 100 100 42 35 48 92 9 88 62 82 27 46 18 100 69 10 91 100 56 8 38 63 100 79 56 100 100 100 100 100 40 100 100 22 100 100 83 100 53 100 72 100 100 100 99 100 100 100 49 100 100 100 49 100 42 100 100 59 100 100 100 100 100 100 100 28 100 100 45 32 100 100 58 5 68 100 100 100 29 100 100 100 100 100 100 100 100 100 100 100 5 100 100 100 100 100 100 50 100 100 
37 89 90 57 84 100 11 35 87 26 20 56 100 97 100 21 74 36 2 88 77 100 10 27 8 100 30 100 92 6 100 15 60 100 100 100 35 100 31 93 100 100 100 100 66 100 24 100 100 71 65 100 100 95 100 40 100 87 100 100 7 100 100 100 52 100 100 100 100 100 45 100 100 61 6 100 100 100 29 45 100 100 100 31 100 100 100 100 100 100 100 100 100 100 100 9 100 100 100 100 100 100 100 100 100 
65 70 7 47 10 67 29 8 64 100 54 86 45 60 51 88 52 100 91 44 100 71 80 32 33 100 19 100 73 100 100 74 100 100 21 100 100 100 100 57 100 100 100 94 100 100 100 100 20 100 34 100 32 100 100 100 78 100 8 89 12 100 100 38 100 100 0 85 100 43 100 100 100 73 84 100 100 31 49 100 100 100 68 100 100 100 100 100 100 100 100 100 100 100 100 100 100 100 50 100 100 100 100 100 
63 93 42 100 15 78 32 100 100 56 80 97 40 100 94 99 86 90 36 8 79 35 43 48 100 1 55 0 69 82 100 91 100 100 56 4 80 100 32 100 100 100 78 14 51 100 100 100 100 100 100 56 87 100 100 95 100 73 100 100 100 100 100 100 100 100 100 92 31 100 100 5 54 100 66 100 62 56 100 100 100 46 100 100 100 100 100 100 100 100 100 100 100 62 100 100 24 100 12 100 100 100 100 
42 82 23 66 49 31 69 100 28 51 29 100 100 48 72 60 58 100 16 100 78 56 100 100 50 100 62 100 100 100 100 100 17 100 100 61 59 74 40 100 100 100 100 53 100 12 100 89 100 100 100 100 100 100 0 100 68 100 100 100 100 100 100 100 100 100 100 97 100 100 75 22 100 100 100 100 27 100 96 100 100 100 100 100 100 100 99 100 100 100 100 100 87 100 26 100 100 100 100 100 100 100 
2 69 34 97 73 20 55 62 40 80 37 100 100 46 70 77 53 100 100 9 31 100 100 100 11 61 81 100 100 100 100 100 100 100 78 14 100 100 100 15 100 82 96 100 100 100 100 100 100 43 100 100 100 97 100 45 45 100 100 100 100 100 100 100 100 100 97 100 100 100 25 100 100 100 43 78 100 100 100 100 100 100 100 100 100 100 100 100 100 100 100 73 100 100 100 100 100 66 100 100 100 
68 38 28 28 23 14 25 19 61 4 69 100 100 28 63 100 11 100 43 73 96 100 40 7 0 57 83 100 100 65 100 100 3 61 100 100 100 12 100 6 100 100 100 100 100 100 100 100 49 100 100 100 0 100 35 98 16 100 100 100 100 100 100 100 43 43 100 100 100 8 100 100 100 46 29 100 100 100 31 100 100 100 100 100 100 100 100 100 100 100 100 9 1 100 100 100 100 100 100 100 
61 46 56 100 100 6 15 32 100 67 41 98 100 45 30 100 100 100 42 100 66 94 100 80 100 16 93 42 7 99 100 90 46 18 100 78 100 100 100 53 6 100 100 48 100 52 100 27 100 14 100 18 100 27 100 54 100 100 100 79 100 100 100 100 5 39 100 95 75 100 100 100 43 29 100 100 100 49 100 100 100 100 58 100 100 100 100 100 100 95 100 27 100 34 100 100 100 100 100 
22 97 29 74 42 90 35 100 100 58 100 24 47 20 100 100 31 32 91 71 100 100 75 100 6 72 33 100 100 100 54 73 100 100 4 100 59 100 100 100 100 40 100 100 100 100 31 100 100 64 22 100 31 100 100 100 100 100 100 100 100 100 83 100 100 100 8 43 100 100 100 5 25 100 100 100 9 100 100 100 100 100 100 100 100 100 100 100 61 100 100 100 5 100 100 28 100 100 
47 0 100 26 95 51 75 8 29 75 35 54 27 43 61 92 71 80 27 45 49 12 61 73 25 62 5 56 100 100 30 80 35 18 49 68 8 45 87 54 32 5 46 28 100 79 43 75 100 11 87 64 43 5 61 18 62 5 68 62 95 100 15 9 35 4 94 32 78 43 39 10 80 78 32 91 78 29 49 27 25 43 68 75 73 100 46 52 45 5 97 100 5 42 100 68 25 
80 25 92 8 30 5 68 100 73 49 75 42 49 49 23 74 42 95 28 45 59 68 31 100 8 45 28 45 32 81 22 18 32 22 100 32 75 75 18 46 31 25 32 27 51 25 78 80 48 73 72 5 8 28 56 42 32 45 97 28 42 13 46 68 94 64 29 6 35 24 19 73 68 6 67 29 6 68 49 42 0 35 97 97 54 56 34 43 25 49 9 25 25 100 5 97 
38 29 16 68 54 6 100 60 17 100 100 100 100 100 100 65 40 34 100 35 100 19 100 37 100 100 83 100 45 100 100 100 100 13 100 100 49 100 100 100 3 100 100 46 100 100 100 18 100 100 100 100 36 52 100 100 100 100 100 100 49 100 100 43 100 100 100 100 62 42 100 100 100 100 100 100 100 100 100 100 100 44 100 100 100 95 100 100 21 53 100 100 100 100 100 
80 82 49 26 53 100 100 71 3 70 100 90 68 35 100 57 52 100 27 100 100 0 84 100 86 100 79 100 19 100 100 96 100 69 99 77 100 100 100 100 16 98 18 100 15 100 45 100 78 100 100 100 100 100 39 100 4 100 100 61 100 100 27 80 65 100 100 78 46 64 100 100 100 100 100 100 100 100 100 100 100 100 100 100 100 100 35 100 100 100 100 100 100 100 
28 69 75 9 78 61 97 100 62 18 18 72 75 18 62 80 8 23 35 35 100 8 8 35 22 97 4 87 25 28 87 54 43 54 28 73 18 46 35 54 29 94 75 61 68 82 32 37 87 5 46 54 31 46 97 18 61 61 63 97 35 48 38 8 61 0 18 16 62 45 29 33 31 97 61 43 97 25 43 80 80 87 80 50 100 95 6 73 5 87 29 8 100 
42 91 24 67 55 100 2 89 100 17 43 9 3 100 0 100 43 100 100 30 100 100 100 14 93 61 100 23 100 100 81 100 100 100 57 61 100 10 99 100 5 100 4 100 18 100 9 100 100 100 7 100 100 100 100 100 96 31 100 100 100 73 100 100 100 32 87 44 100 100 9 58 100 100 100 100 100 100 100 92 100 100 80 100 100 100 100 100 100 100 100 100 
8 27 97 35 62 18 27 46 62 26 58 28 45 80 61 83 45 43 29 45 78 61 49 62 14 100 54 6 56 54 56 43 75 46 62 100 0 97 100 77 43 8 100 37 43 3 100 42 61 45 78 45 62 49 8 68 24 8 95 11 63 18 100 100 17 85 87 87 25 4 87 43 25 78 68 22 100 31 100 100 95 96 54 22 87 80 97 100 100 100 49 
11 21 64 44 100 100 100 85 46 5 100 76 8 41 100 94 23 53 67 100 100 65 30 6 39 17 100 66 100 100 93 43 100 100 100 100 69 83 32 46 100 100 46 100 73 100 100 100 31 100 63 100 100 100 100 9 57 100 68 46 100 100 100 45 49 49 100 100 5 100 100 100 100 100 100 14 100 100 68 100 5 100 100 100 100 100 100 51 100 100 
91 85 66 1 99 55 2 27 32 83 58 100 40 22 70 100 65 100 100 100 48 96 22 77 30 63 39 100 100 34 100 4 100 100 100 100 3 5 89 23 100 43 100 100 13 100 100 100 100 100 100 100 90 100 80 100 100 46 8 26 100 100 35 61 100 100 100 42 100 100 100 12 100 100 100 100 100 100 100 32 100 100 100 100 100 100 100 100 100 
10 54 14 31 20 100 35 21 15 100 83 13 45 100 100 40 11 100 92 100 60 42 3 100 100 65 100 72 84 1 90 57 100 100 36 100 6 100 100 12 22 2 100 100 100 100 100 100 98 100 100 100 100 61 100 86 95 100 100 100 100 8 35 100 100 100 25 100 100 100 100 100 100 62 100 70 100 100 8 100 89 100 100 100 100 100 100 81 
57 49 40 74 97 73 45 76 86 69 100 25 4 88 100 30 14 96 11 70 59 1 65 7 6 100 100 79 100 48 100 17 100 100 100 27 100 100 93 29 100 95 100 100 15 100 100 100 90 100 100 100 87 100 100 0 29 100 100 100 9 73 100 100 100 31 100 100 100 100 100 100 100 100 100 100 100 87 100 47 100 100 100 100 100 100 100 
21 100 6 100 32 49 77 67 100 100 42 90 30 100 83 11 76 64 100 80 100 100 50 100 20 85 100 100 41 47 100 100 100 37 100 12 100 100 32 39 46 100 69 100 100 100 100 100 74 100 100 0 100 100 78 75 100 100 100 22 61 100 100 100 32 100 100 100 100 100 100 100 100 63 100 91 42 23 100 100 100 100 100 100 100 100 
23 24 100 97 28 100 41 100 100 42 100 52 83 13 12 100 10 100 5 4 100 100 98 95 100 50 100 100 100 100 100 100 15 68 40 100 84 100 7 97 38 20 100 71 100 53 100 100 100 65 75 100 100 95 8 100 100 100 100 68 100 100 100 45 100 62 100 100 100 100 100 100 100 100 100 78 100 94 34 100 100 17 100 100 100 
9 58 78 73 57 100 16 37 45 100 60 100 100 39 100 85 100 43 69 100 100 32 100 100 38 100 19 82 3 100 100 100 28 100 100 100 22 100 6 96 67 100 100 15 100 33 100 100 100 61 100 100 49 5 100 100 63 46 18 100 100 100 75 100 100 100 100 100 100 100 34 100 100 100 62 100 100 100 100 100 100 65 100 100 
1 43 46 12 61 100 66 27 38 100 69 72 100 37 100 94 43 75 52 64 70 63 47 100 44 79 81 100 28 100 60 22 84 100 62 100 35 0 100 100 100 2 89 92 100 100 100 59 43 30 90 100 100 100 46 100 73 100 100 100 100 18 100 100 100 100 100 86 100 100 100 100 93 95 100 100 100 100 100 100 100 100 100 
18 56 86 24 20 88 0 8 100 50 41 54 69 72 14 78 83 48 47 100 57 100 77 100 100 4 100 100 100 74 49 100 11 36 95 100 75 100 100 100 13 100 23 27 100 100 100 54 100 100 42 35 100 76 98 75 80 100 100 100 9 100 100 100 100 100 40 78 6 100 100 100 73 100 100 100 100 100 100 100 92 56 
82 8 29 61 18 81 32 9 25 32 87 43 73 29 59 75 100 0 54 8 43 46 87 31 18 45 9 28 100 12 73 73 18 57 100 40 75 28 5 78 18 18 28 87 0 95 10 43 100 24 60 49 45 75 47 55 46 28 8 30 100 5 46 95 18 49 100 80 0 49 87 85 75 100 73 29 43 68 28 97 22 
18 100 31 73 76 97 6 0 68 56 9 100 61 99 62 56 8 29 43 28 45 46 80 5 29 28 35 75 14 27 100 100 47 62 16 73 100 97 56 6 22 31 28 27 87 4 42 49 86 7 80 8 100 59 44 27 32 8 11 5 28 75 68 6 68 61 42 56 5 27 93 8 61 9 56 0 54 75 22 8 
34 82 100 8 44 100 68 100 99 52 92 88 75 94 0 13 100 11 100 100 100 64 100 89 63 100 14 68 100 100 16 87 54 68 100 45 100 100 100 100 53 100 100 100 75 100 100 75 46 100 100 100 25 75 26 41 100 100 100 90 71 100 100 100 100 37 100 100 100 87 100 100 100 100 100 100 7 100 100 
60 21 49 2 91 70 96 92 100 100 100 100 100 7 79 99 100 64 100 72 100 18 100 100 100 100 28 100 100 100 9 100 100 4 100 100 81 55 100 100 100 100 100 78 100 100 22 80 87 93 94 73 8 43 83 82 35 100 100 100 100 100 100 100 100 100 100 13 28 100 100 33 100 100 100 100 100 100 
100 22 3 100 10 44 100 38 100 2 8 30 93 90 91 66 100 13 100 67 100 51 87 100 75 61 41 100 14 32 12 49 100 100 33 58 81 100 100 100 100 100 75 100 100 45 27 100 100 100 28 28 100 100 100 80 100 100 100 100 100 100 100 100 100 100 100 29 100 100 100 100 100 100 100 100 63 
46 48 2 77 97 81 57 100 76 28 85 68 17 100 93 51 100 100 100 20 100 100 64 39 87 100 71 72 68 100 61 100 100 89 100 100 100 100 100 100 100 49 100 100 56 46 60 100 100 27 54 100 100 100 45 100 100 100 100 100 100 100 100 100 100 100 22 100 100 100 86 100 100 100 100 100 
56 45 46 75 78 87 25 73 93 54 100 56 9 6 97 100 80 61 49 29 0 29 97 84 22 29 49 77 80 52 100 45 35 49 100 49 95 42 97 49 67 80 27 38 57 28 27 27 69 17 18 46 80 44 78 25 49 8 0 100 31 29 45 6 43 30 100 100 54 35 56 0 61 100 42 
10 99 6 100 71 89 12 25 84 59 92 100 51 13 96 98 72 100 27 100 100 100 62 100 100 79 95 91 62 100 100 25 100 100 100 37 100 100 14 97 100 100 42 80 100 100 100 45 80 21 15 100 54 31 5 100 100 100 17 100 100 100 100 100 8 100 100 100 100 100 100 100 100 100 
38 47 40 70 54 43 8 81 12 89 100 65 61 59 100 100 67 94 96 100 100 68 100 100 100 95 85 43 90 33 100 100 100 100 100 100 93 24 35 100 100 5 31 97 100 69 80 29 100 100 100 54 100 100 1 100 100 79 100 100 100 100 100 56 100 100 100 100 100 100 100 100 99 
71 64 11 16 100 97 86 81 100 8 76 100 100 37 100 94 100 82 58 100 22 100 24 100 73 98 100 19 75 88 79 100 100 100 100 66 100 29 100 100 28 32 100 100 100 100 75 100 100 100 61 96 100 42 100 100 100 100 100 14 100 100 87 100 100 100 100 100 100 100 100 100 
10 55 34 100 5 21 16 100 40 0 77 88 100 86 64 14 76 80 59 68 100 100 100 62 100 97 100 100 9 100 100 100 57 100 100 94 18 52 100 87 100 4 100 100 35 78 100 100 100 100 100 26 23 100 100 100 27 100 100 100 100 73 100 100 100 100 100 100 85 100 100 
50 3 100 100 100 91 86 4 89 36 100 74 61 100 60 93 33 100 28 68 100 82 32 100 80 80 100 37 100 100 94 76 100 100 100 62 72 88 61 87 17 100 100 9 28 100 100 100 22 100 20 100 48 100 84 13 26 100 100 100 9 100 90 100 100 100 100 2 85 100 
100 73 32 51 100 82 2 100 16 36 15 63 100 30 24 100 18 100 60 19 100 0 100 68 67 100 58 100 100 47 100 65 33 100 100 100 80 68 27 13 14 100 35 43 100 100 100 5 100 100 100 100 100 100 100 100 100 100 26 69 100 100 100 100 100 100 12 100 100 
17 87 67 62 22 100 6 20 100 66 55 24 52 100 100 31 75 0 100 7 25 81 87 100 100 90 100 100 100 19 100 59 100 9 71 27 78 100 100 100 96 78 49 2 100 77 43 100 41 100 100 82 100 99 5 26 100 100 80 100 100 100 100 100 100 100 100 100 
62 47 83 100 11 19 63 100 100 39 89 59 100 100 23 95 48 100 53 97 100 8 24 100 52 100 1 100 100 100 100 100 61 100 100 31 18 72 74 100 42 22 100 21 100 80 100 100 64 100 100 100 100 100 100 100 100 25 100 100 100 100 100 99 100 100 100 
54 62 68 75 73 27 25 31 25 35 78 5 35 62 72 29 25 6 89 97 69 61 35 6 0 100 42 9 80 68 45 1 8 18 66 86 22 0 27 61 90 62 22 97 83 56 45 22 49 49 42 78 97 100 29 32 33 80 25 97 32 89 75 73 22 97 
71 16 44 88 98 2 100 100 91 100 100 96 38 42 100 46 100 29 100 22 100 74 34 100 100 100 100 55 64 100 100 20 66 100 100 100 70 100 8 32 100 100 100 18 24 100 100 100 100 100 100 100 100 100 100 100 100 100 90 100 100 100 100 100 32 
72 100 46 100 37 36 15 99 88 100 84 9 61 82 100 94 61 63 22 44 100 18 69 100 100 41 100 56 100 100 100 60 28 75 100 100 19 46 97 100 100 33 100 100 34 100 100 38 100 100 100 100 90 100 97 20 100 100 100 100 100 100 100 100 
51 10 21 98 93 26 96 49 52 100 100 73 59 39 91 87 100 0 33 100 100 53 0 68 100 57 15 69 78 24 81 22 31 100 100 44 27 27 87 100 100 100 100 100 100 100 100 100 100 100 76 100 100 59 100 100 100 100 100 100 100 94 100 
100 23 63 28 89 77 34 100 1 81 100 100 79 17 62 83 29 100 100 48 82 100 37 100 53 20 47 5 93 100 56 56 16 100 100 78 75 24 94 58 100 38 100 100 100 100 100 100 100 3 100 55 87 100 100 100 100 100 100 100 100 100 
90 39 56 24 8 36 85 100 58 18 94 68 100 49 44 80 14 100 79 100 100 50 100 70 98 100 18 100 12 56 5 100 100 100 97 61 100 92 100 25 100 100 100 100 34 100 100 100 100 21 42 31 100 16 35 100 100 100 100 100 100 
57 58 100 70 84 100 100 41 32 65 89 100 95 38 43 100 100 22 100 48 80 100 100 34 3 28 100 100 32 22 100 100 15 54 28 29 100 44 100 71 74 100 100 100 100 100 100 100 100 100 42 100 24 100 100 100 100 100 100 100 
30 3 80 55 100 4 24 32 47 100 89 62 33 27 10 70 11 100 60 100 100 100 41 17 61 100 100 54 68 100 7 100 31 22 100 100 100 29 100 100 100 100 73 100 100 15 100 100 100 61 100 100 100 100 100 26 100 100 100 
68 100 16 40 65 92 35 26 100 100 95 21 87 64 3 84 91 99 100 100 100 55 100 56 100 100 27 56 100 39 17 68 68 100 100 27 18 100 100 100 100 100 100 100 100 100 57 81 35 100 79 100 100 38 13 100 60 100 
100 100 100 100 100 100 17 52 51 6 40 25 100 44 20 21 91 100 100 77 100 100 100 1 100 31 100 59 100 62 78 0 37 81 100 80 69 100 100 16 100 100 100 100 100 100 53 49 43 100 100 100 100 100 100 100 100 
44 21 72 88 31 66 26 100 28 59 33 50 90 100 83 7 17 87 100 48 73 100 100 100 87 80 100 97 100 75 97 58 100 100 73 100 37 33 100 100 46 19 11 100 13 100 100 1 100 74 100 75 100 100 23 100 
33 10 7 8 64 57 13 18 15 75 100 19 100 76 67 100 100 100 100 100 22 11 38 42 62 69 100 100 68 45 100 100 100 49 100 21 100 100 100 50 100 47 100 43 100 25 63 100 39 100 100 65 100 100 100 
44 100 35 90 69 73 42 23 6 48 39 38 47 74 7 79 100 51 37 78 100 84 35 5 100 71 83 62 56 100 67 54 35 77 81 11 13 100 100 1 100 100 100 100 62 100 100 100 26 100 100 100 100 18 
76 97 38 17 70 29 66 68 83 13 100 74 85 100 18 82 92 79 49 14 100 61 42 55 100 41 27 29 100 39 73 62 100 100 100 3 100 100 86 100 100 100 100 29 100 100 100 67 19 100 40 48 100 
100 100 85 50 28 13 22 100 94 99 55 100 100 56 100 100 36 97 12 44 100 78 100 11 84 5 35 100 79 100 8 100 100 100 90 100 100 4 72 100 48 33 32 100 100 69 100 100 100 100 100 100 
100 100 46 92 43 89 32 54 97 95 56 6 29 62 32 75 93 29 9 53 24 8 42 68 2 66 46 27 42 7 61 8 28 27 46 29 87 42 35 29 35 91 100 32 8 61 43 61 87 61 61 
96 100 43 37 100 100 30 31 99 72 100 8 22 100 55 42 23 100 18 87 92 16 34 100 62 52 100 100 87 7 100 58 100 100 69 100 42 50 100 100 29 100 67 76 100 100 100 100 81 100 
100 38 56 97 3 2 100 72 44 49 99 66 7 63 43 77 10 97 100 100 98 100 87 78 65 100 100 9 90 1 100 20 86 100 100 100 100 100 100 75 100 100 100 100 100 75 100 58 100 
95 1 45 85 65 100 48 66 100 10 60 77 67 73 100 6 100 43 47 100 100 31 61 100 100 20 22 49 100 40 63 100 100 100 3 100 100 98 97 100 100 59 100 100 100 100 100 97 
46 12 73 42 22 68 18 22 49 46 68 46 81 27 35 26 2 62 68 35 58 38 8 28 9 39 75 9 61 28 62 42 100 75 73 62 9 79 35 29 27 5 49 29 6 32 78 
100 57 78 100 96 100 72 88 93 70 100 0 65 14 100 28 100 100 61 97 32 100 100 79 56 16 25 100 67 76 100 100 100 100 100 99 100 48 100 29 100 100 100 86 34 100 
56 100 0 100 32 73 75 0 87 43 30 97 42 83 76 5 100 5 99 54 0 75 46 35 100 43 27 62 27 22 100 73 73 6 25 67 100 31 75 29 61 43 25 9 27 
11 82 100 37 1 36 94 86 72 49 49 65 31 25 100 99 100 46 80 93 69 100 27 100 100 8 59 100 100 74 100 100 39 100 31 100 100 100 100 26 100 100 100 100 
23 100 36 26 92 21 88 100 25 34 64 18 62 15 60 76 22 54 91 100 89 27 72 100 95 82 100 100 5 1 84 100 100 62 100 100 100 100 55 100 79 50 100 
14 100 27 83 42 96 74 46 81 95 0 54 71 100 64 22 87 57 86 72 18 100 92 7 100 47 100 100 60 100 16 100 75 100 100 100 55 66 100 54 100 100 
88 40 66 11 9 100 45 15 92 42 56 90 64 33 61 54 70 3 100 0 100 100 100 98 100 100 77 100 100 30 100 18 67 19 100 100 100 100 100 100 29 
2 82 69 14 100 56 100 25 73 0 100 13 50 0 22 100 59 51 80 100 100 12 100 10 76 100 100 19 100 40 87 100 33 100 30 39 96 100 100 100 
100 64 29 71 22 89 70 62 68 74 33 100 27 54 81 100 69 0 4 55 56 45 100 100 60 13 100 59 14 95 100 100 100 20 16 91 100 100 31 
100 100 100 78 51 15 80 45 96 100 24 75 31 100 100 100 28 100 16 59 43 74 100 100 100 60 69 65 42 49 86 100 98 100 42 100 100 94 
100 50 22 73 71 62 97 67 89 100 45 95 83 48 3 87 81 84 100 100 100 59 92 51 15 100 19 22 13 96 100 100 100 100 100 100 100 
38 9 84 100 54 0 57 100 67 25 29 100 100 40 100 100 3 47 100 100 44 11 76 58 23 100 100 100 100 53 81 100 22 16 91 13 
32 90 85 62 42 100 19 100 29 0 100 77 75 8 13 6 57 84 70 34 100 27 100 100 51 5 100 64 93 1 100 15 100 12 100 
27 35 60 21 0 100 100 79 53 61 49 97 52 68 45 9 49 5 0 100 80 29 80 95 72 46 80 62 43 45 45 6 27 80 
17 42 0 7 100 100 45 5 100 40 94 75 37 13 66 44 2 83 100 18 100 63 38 54 100 100 100 100 100 50 47 100 100 
45 43 24 3 59 73 8 68 100 16 68 34 58 83 100 37 41 100 100 51 22 35 68 100 100 100 100 100 94 26 100 100 
14 87 32 29 20 76 31 61 45 3 100 43 22 49 61 43 49 6 9 49 6 77 62 75 6 28 22 56 95 80 32 
5 56 42 46 41 62 27 35 79 8 32 27 29 22 28 0 87 100 54 49 11 9 9 5 25 95 61 32 97 56 
20 18 68 29 100 25 61 31 53 19 99 1 85 39 12 100 100 89 36 29 76 10 100 100 100 100 100 100 100 
91 18 5 17 58 100 78 100 23 79 52 31 100 38 100 100 51 100 28 100 100 36 100 77 100 100 44 72 
22 45 60 20 99 8 10 100 3 92 77 81 23 100 82 66 47 22 100 100 100 100 90 100 8 100 100 
12 56 29 56 13 97 31 73 78 9 31 56 0 6 87 35 49 75 45 0 9 35 29 61 61 68 
0 31 0 82 95 97 5 32 27 27 97 49 5 25 97 0 73 27 61 6 22 97 22 54 73 
90 59 28 66 7 100 99 55 98 79 12 100 36 28 80 100 100 100 13 100 14 100 20 53 
47 9 12 28 85 70 100 4 64 71 100 19 100 73 50 100 100 11 100 36 100 100 52 
87 98 15 49 74 91 100 7 93 23 88 100 78 41 39 43 100 21 100 52 64 86 
78 68 35 28 43 32 100 54 8 73 9 98 28 46 6 87 6 80 27 9 6 
91 100 55 1 94 93 100 100 60 11 80 30 65 80 36 83 74 100 100 41 
38 85 51 100 24 70 100 65 69 25 97 100 2 9 33 71 10 93 57 
76 6 52 34 43 4 26 100 29 24 98 100 100 100 100 41 100 65 
32 14 41 4 71 100 64 18 61 21 10 39 24 100 100 53 100 
19 53 66 13 98 71 100 100 100 12 100 100 88 100 30 48 
10 30 100 100 100 6 58 71 65 85 53 37 82 100 11 
100 67 81 44 22 51 100 100 89 63 100 30 21 100 
65 96 79 29 53 81 56 90 100 7 92 100 100 
12 54 42 31 88 48 38 20 100 73 72 91 
86 31 55 74 31 2 40 100 70 100 100 
27 5 60 63 62 46 9 34 100 70 
78 29 61 54 80 6 18 42 45 
3 100 7 85 29 57 59 12 
100 51 37 100 62 28 2 
15 7 19 20 45 62 
52 92 77 100 16 
72 14 57 51 
67 16 100 
4 24 
17 

