100 164
164 164 164 61 92 148 114 164 164 164 164 164 64 164 164 2 164 70 164 164 164 164 83 164 78 164 164 164 164 164 164 164 164 164 164 164 164 164 164 164 164 164 164 164 31 164 164 164 164 20 164 164 164 164 164 164 164 164 164 164 164 164 164 164 164 164 164 164 164 164 164 164 164 164 164 164 164 164 164 164 120 164 164 164 164 33 164 164 154 146 164 115 66 132 164 164 152 164 164 
95 137 164 2 164 113 164 164 164 164 164 54 164 164 45 21 164 164 164 164 164 164 164 164 164 164 164 164 164 164 164 164 164 164 164 164 164 164 84 164 164 164 164 164 164 164 164 118 164 164 153 164 164 164 164 164 164 143 164 164 164 164 164 164 164 164 27 164 164 164 164 74 164 164 164 164 151 160 164 164 164 164 164 164 164 16 164 108 164 164 164 164 104 164 164 164 159 164 
164 164 164 164 137 164 164 164 164 164 120 108 11 164 2 164 164 164 164 164 164 154 164 164 164 164 164 164 164 164 164 164 45 164 164 164 164 164 164 164 164 164 164 62 164 164 164 164 164 164 164 164 164 164 164 164 164 164 164 164 164 116 164 164 164 164 164 164 86 164 164 164 164 164 164 164 164 164 164 122 164 164 164 94 164 164 131 32 164 88 164 164 164 90 44 164 9 
164 164 164 164 164 164 164 164 67 164 164 26 164 8 164 164 164 164 164 160 44 164 164 164 164 164 164 69 164 164 164 164 164 164 164 164 123 164 164 164 135 164 164 164 164 164 164 164 164 164 164 164 164 164 164 164 164 164 164 90 164 164 164 164 164 164 164 164 164 157 164 164 94 87 164 164 164 164 93 164 164 164 164 164 164 164 164 115 164 128 164 164 164 60 129 122 
2 133 164 164 121 139 94 164 164 164 164 164 164 25 164 36 164 164 164 164 164 164 98 164 164 164 164 164 164 164 92 164 164 164 164 164 164 164 164 137 164 164 79 164 164 118 164 164 164 164 164 164 164 164 115 164 164 43 164 164 164 164 87 164 164 164 164 164 164 164 164 164 164 164 164 164 164 164 164 81 164 164 164 52 164 164 164 164 164 57 164 164 164 164 164 
164 129 164 2 87 45 164 164 87 152 118 134 8 164 129 152 25 164 8 164 21 164 164 164 164 129 92 164 2 88 2 21 92 164 164 87 164 164 164 164 164 164 159 164 92 25 87 164 164 164 164 164 138 164 164 164 21 21 164 164 164 164 92 164 8 164 164 164 164 164 164 152 164 92 2 152 164 164 21 164 87 129 159 164 164 164 152 164 164 2 8 92 126 164 
164 59 164 164 10 155 164 22 164 164 164 164 164 46 143 164 164 164 164 164 164 164 164 164 164 164 95 142 164 164 164 164 164 164 164 12 164 164 164 164 164 164 79 164 164 164 164 164 164 164 164 164 164 164 164 164 48 164 164 164 164 164 164 164 164 164 164 164 164 164 164 164 164 164 164 164 164 132 160 164 73 164 164 164 164 164 164 58 164 60 164 129 164 
164 164 164 86 164 164 139 121 164 164 164 164 164 71 164 164 164 164 164 164 164 164 164 148 164 164 164 87 156 164 164 164 117 164 164 164 164 164 164 164 164 164 164 164 164 164 164 164 164 164 164 164 164 164 164 164 164 164 164 164 164 164 164 164 164 164 118 164 164 1 164 164 164 164 164 164 164 164 164 164 164 164 143 164 164 164 164 163 95 50 21 164 
45 91 164 84 164 25 132 87 23 164 164 60 164 164 164 164 164 164 164 164 164 48 107 164 164 164 164 164 164 164 164 164 26 164 164 164 164 19 164 164 164 81 164 164 164 164 164 164 164 164 164 164 164 164 164 164 164 164 164 164 164 164 164 164 164 164 164 164 164 28 164 164 58 164 164 164 164 164 164 4 164 164 15 164 164 164 164 164 164 164 164 
164 164 164 156 164 164 164 164 164 164 164 164 164 164 164 92 164 164 24 127 164 13 164 164 164 164 164 164 164 164 164 164 164 82 164 164 164 164 164 164 164 164 164 164 154 19 16 164 164 164 164 164 164 164 164 164 164 164 164 164 164 164 112 164 10 40 164 164 164 164 164 164 164 85 164 1 164 164 164 164 164 164 164 164 164 164 164 65 25 164 
164 28 75 164 164 129 164 30 164 164 164 164 164 164 164 164 152 164 164 164 135 164 164 164 164 164 164 156 164 164 164 164 164 164 164 164 164 164 164 3 164 164 120 164 164 164 164 164 164 164 164 164 164 164 164 164 164 164 164 164 126 164 164 164 164 164 164 164 164 164 164 164 164 155 164 164 164 164 164 17 148 164 164 164 164 164 6 152 72 
164 51 164 164 164 87 162 164 21 128 164 164 164 164 164 164 38 164 164 147 164 164 164 164 164 164 164 4 164 164 164 164 164 164 164 164 164 164 164 164 164 164 164 164 164 164 164 164 164 164 164 164 164 164 164 164 164 164 164 164 164 164 164 164 164 164 164 19 164 164 164 164 164 81 164 164 164 164 164 164 164 155 93 164 164 150 45 50 
164 161 164 164 164 164 33 164 164 164 164 21 40 164 164 46 17 164 164 7 80 164 129 164 164 164 164 164 164 164 164 164 74 164 164 164 157 164 164 164 164 164 164 164 164 164 55 164 164 164 164 164 164 164 164 164 164 164 164 164 164 164 164 164 164 164 164 164 164 164 164 164 164 164 99 164 164 164 164 164 164 164 164 44 164 87 164 
164 164 164 8 160 0 164 164 164 164 84 164 149 164 164 164 164 164 164 103 164 164 164 34 164 164 164 164 164 164 164 164 164 164 164 164 164 164 164 164 164 164 164 164 164 164 164 164 164 164 138 164 164 164 164 164 164 164 164 11 164 164 164 164 164 164 164 164 164 164 164 164 164 164 164 164 164 155 164 164 88 164 146 164 164 37 
164 164 164 164 164 164 164 164 119 164 118 164 164 164 13 164 164 30 61 164 45 164 164 101 154 164 164 164 164 164 164 164 164 164 64 164 164 164 164 164 164 164 164 56 164 164 164 164 164 164 164 164 164 164 164 164 164 164 164 164 164 164 164 164 164 164 164 164 164 164 164 164 164 164 164 130 164 164 164 164 110 164 164 8 164 
164 92 164 164 80 164 164 164 164 58 164 164 164 164 164 96 164 54 164 164 164 53 164 164 164 164 164 164 164 164 164 164 164 164 164 164 164 164 164 164 164 86 164 164 164 164 164 164 164 130 164 164 164 164 164 164 164 164 164 162 164 164 164 164 164 164 164 164 164 164 164 164 18 164 144 164 164 137 164 164 164 164 159 164 
132 164 87 164 164 152 164 164 159 21 2 152 159 25 164 164 164 8 130 164 87 164 164 164 25 164 8 164 8 2 164 164 2 21 164 164 164 164 87 164 164 45 21 21 92 87 164 164 164 45 21 65 2 159 25 164 152 164 164 164 164 152 164 152 164 152 87 164 45 164 164 164 25 164 159 45 152 164 164 164 164 112 164 
45 164 8 164 159 92 92 159 45 87 87 164 164 164 164 8 164 108 164 164 25 8 92 164 164 164 21 164 2 164 164 164 2 164 164 92 25 164 8 159 45 45 25 164 164 129 164 87 164 164 164 164 129 164 21 45 164 45 45 164 92 129 25 45 164 25 164 164 164 164 164 164 164 129 164 164 164 164 65 87 7 92 
79 142 55 164 164 122 164 164 164 164 141 164 164 43 164 164 45 164 164 164 164 93 164 164 164 164 164 164 164 164 164 164 164 164 164 164 164 164 68 164 164 164 164 164 164 164 164 164 164 164 164 164 164 164 164 164 164 164 164 164 164 164 164 164 164 84 164 164 118 164 164 164 164 77 164 164 164 164 164 164 164 
164 164 145 164 135 164 164 164 164 164 164 164 164 164 164 164 164 164 164 46 164 164 164 164 28 156 14 164 164 164 164 164 164 164 164 164 164 164 55 164 64 164 164 164 164 164 164 164 164 164 164 164 164 164 164 164 164 164 164 164 164 164 97 164 164 164 164 71 164 164 34 3 164 164 164 47 164 164 152 164 
164 164 164 164 136 164 117 164 164 164 164 29 164 164 25 27 164 164 164 164 164 137 164 164 164 164 164 164 164 164 164 164 164 164 164 164 164 164 164 164 164 164 164 164 164 164 164 164 164 164 164 164 164 164 164 164 93 164 164 164 164 164 164 164 164 164 164 164 44 164 55 164 164 164 164 164 164 164 113 
131 164 87 164 109 40 164 164 107 164 133 164 156 129 164 164 164 164 164 164 164 164 164 164 164 164 164 164 164 164 164 164 164 164 164 164 164 164 164 164 164 164 164 164 164 164 164 164 164 118 164 164 164 164 164 164 164 164 164 164 164 164 164 164 164 52 149 164 164 164 5 164 164 164 164 164 8 164 
164 164 72 164 57 164 137 164 164 164 106 164 164 9 164 147 122 164 71 15 164 164 164 164 98 164 164 164 164 164 164 164 164 164 164 164 164 164 164 164 164 164 164 164 164 164 164 164 164 164 164 164 164 164 164 164 164 164 164 164 164 164 164 52 164 164 164 164 6 164 16 164 164 164 164 92 164 
2 164 164 43 164 164 67 42 164 164 105 164 164 164 164 164 164 164 164 164 164 164 64 164 164 164 164 164 164 141 19 164 154 164 164 164 164 164 164 164 164 164 164 164 164 164 164 164 164 164 164 164 164 164 164 164 16 164 164 164 147 164 164 164 121 164 164 164 164 164 89 164 164 164 21 8 
164 164 164 41 164 164 164 164 33 164 8 75 164 164 164 164 164 164 22 164 164 164 164 164 164 164 164 164 164 86 164 164 164 164 164 164 164 164 164 164 164 164 164 164 164 164 164 164 164 164 164 164 164 164 164 158 164 164 164 164 164 164 164 164 164 164 164 83 164 164 157 164 164 164 164 
96 105 104 164 164 36 161 28 94 87 164 164 164 164 164 164 164 164 164 164 164 164 164 164 164 164 164 164 164 164 164 164 164 164 164 0 164 164 164 164 164 164 164 164 164 164 164 164 164 164 164 164 164 164 164 164 164 154 164 164 164 164 164 164 164 164 164 164 164 164 164 164 164 164 
164 148 14 164 164 70 164 29 2 164 64 164 164 129 164 3 164 164 164 164 164 59 164 164 164 164 164 151 78 164 164 164 164 164 164 164 164 164 164 164 164 164 164 164 164 164 164 101 164 164 164 164 164 164 164 164 164 164 164 164 164 164 164 164 164 164 164 107 164 164 164 8 164 
164 158 164 124 164 164 164 164 164 164 33 160 164 164 24 164 164 26 72 164 164 164 164 164 164 164 164 164 164 164 164 164 164 164 164 164 164 164 164 164 164 164 164 164 164 164 164 164 164 164 164 164 164 164 164 164 164 164 164 164 164 164 164 161 164 164 164 164 164 164 8 164 
6 164 103 107 164 164 164 42 68 164 13 164 164 164 164 147 164 164 164 164 164 16 164 164 164 164 164 164 164 164 117 164 164 164 164 164 164 164 164 164 164 164 164 89 164 164 164 164 164 164 164 164 164 164 164 164 164 164 164 164 164 164 164 164 164 164 164 164 164 164 164 
164 164 164 164 164 152 164 164 88 68 164 164 56 164 164 164 164 117 164 164 164 4 164 164 164 140 164 164 164 164 164 164 164 164 164 27 164 164 164 164 164 164 164 164 164 164 164 164 164 164 164 164 164 164 164 164 164 164 164 164 164 164 164 164 19 164 164 164 159 164 
75 91 164 164 8 16 164 164 32 89 164 164 122 164 164 73 129 46 164 164 98 164 164 164 164 164 164 59 164 164 164 164 164 164 164 164 164 164 140 164 164 164 164 164 164 164 164 164 164 164 164 164 164 39 164 164 164 164 164 164 164 164 164 164 164 164 164 25 164 
164 164 137 45 164 164 164 164 164 164 164 164 164 164 164 164 164 164 164 164 164 110 164 164 164 164 164 1 153 164 164 164 164 164 164 164 164 164 164 164 164 164 164 164 164 164 164 164 164 164 164 164 164 164 164 164 164 164 164 164 164 164 164 164 164 164 164 164 
164 164 164 147 164 51 164 144 164 164 94 164 164 164 164 164 156 164 164 141 164 164 164 164 108 164 164 164 164 164 164 164 164 164 164 164 164 164 164 164 164 164 164 164 164 164 164 164 164 164 111 164 164 164 164 164 164 164 164 164 164 164 164 164 164 164 164 
63 25 164 164 164 104 164 164 164 164 164 164 164 164 164 164 86 164 164 71 31 164 164 164 164 164 164 164 164 164 164 164 68 164 164 164 164 164 164 164 164 164 164 164 164 164 116 164 164 164 164 164 164 164 164 164 164 164 164 164 164 164 164 164 164 96 
92 103 164 164 74 13 164 37 164 164 164 164 164 164 164 164 164 164 164 164 164 164 164 164 164 84 164 124 164 164 164 164 164 164 164 164 164 164 164 164 164 164 164 164 164 164 164 164 164 164 164 164 164 164 164 164 164 164 88 164 164 164 164 152 164 
164 152 2 164 2 164 8 21 92 25 159 45 2 45 164 92 25 152 152 45 87 164 159 21 2 129 25 2 87 164 164 8 152 25 164 164 159 25 164 164 164 164 164 164 152 164 8 129 152 21 164 164 164 8 92 164 164 164 164 159 164 164 139 164 
164 164 164 164 164 164 164 151 100 164 164 24 164 35 125 31 164 164 164 164 164 164 164 164 164 164 164 164 164 164 164 164 164 164 164 164 164 164 164 164 164 99 164 164 43 164 164 164 164 164 164 164 164 164 164 164 164 128 164 164 164 164 164 
20 164 164 158 77 99 93 164 57 164 164 164 12 164 164 164 164 164 164 97 164 164 164 164 164 124 164 164 164 164 164 164 164 164 164 164 164 164 35 164 164 164 164 164 164 164 164 164 164 164 164 164 164 164 164 164 164 164 164 164 8 164 
164 164 164 164 68 164 164 164 164 164 15 164 164 164 164 164 164 164 164 164 164 41 42 116 164 164 164 164 164 164 164 164 164 164 164 58 164 164 164 164 164 164 164 159 164 164 164 164 164 164 164 113 164 164 164 164 164 164 164 164 164 
5 164 124 47 164 164 164 164 49 164 164 164 164 164 164 164 164 164 164 164 164 164 164 164 164 164 164 62 164 164 164 164 164 164 164 164 164 164 82 164 164 164 164 164 164 164 164 164 164 164 164 164 164 164 66 164 164 164 164 164 
157 164 164 164 164 164 70 164 164 164 128 164 164 164 164 164 164 107 164 164 164 24 164 164 164 164 164 164 164 164 164 164 164 164 164 19 164 164 164 164 164 164 164 164 164 164 164 164 164 164 164 0 164 164 164 164 164 164 164 
163 164 164 164 164 164 100 164 164 29 164 47 164 117 60 164 37 164 164 164 164 164 164 164 164 164 164 164 80 164 164 129 164 164 82 164 164 164 164 164 164 164 164 164 164 164 146 164 164 164 164 164 164 164 164 56 25 164 
164 98 164 164 136 164 73 6 164 164 164 164 164 164 164 164 164 164 164 150 164 123 164 164 164 164 164 164 164 164 164 164 44 164 164 164 164 164 164 164 164 164 164 164 164 164 164 164 164 164 164 164 164 164 164 164 164 
95 63 46 164 164 121 164 164 164 164 147 20 164 164 164 164 164 164 164 164 164 164 164 164 164 164 164 164 164 75 164 164 164 164 164 164 129 164 164 164 164 164 89 164 164 164 164 164 164 164 164 164 164 164 164 164 
67 164 164 164 164 119 11 164 164 164 164 164 164 164 164 164 164 164 149 164 164 164 164 164 164 71 164 164 15 164 164 164 164 164 164 164 164 164 164 164 164 164 164 164 164 164 164 164 164 164 164 131 164 2 164 
164 94 40 164 97 164 164 164 164 164 164 164 164 164 49 164 164 164 164 164 117 52 164 164 164 164 164 164 164 164 164 164 164 164 164 164 164 122 164 164 39 164 164 164 164 164 164 1 164 164 164 164 164 164 
164 164 164 113 45 164 164 100 164 164 35 31 164 164 164 164 161 164 164 164 164 164 164 164 164 164 164 74 164 164 164 164 164 164 164 164 164 164 164 164 164 164 164 164 164 164 164 164 164 164 164 8 164 
37 164 164 107 46 106 164 90 42 147 164 164 164 164 164 164 164 164 164 164 164 164 164 164 164 164 164 30 164 164 164 164 164 164 164 164 164 164 164 22 164 164 164 164 164 164 164 164 164 164 87 164 
139 164 164 164 164 17 111 164 142 164 164 164 164 164 164 164 164 145 164 164 135 124 164 164 164 164 164 164 164 164 164 164 164 164 164 164 164 164 164 164 164 164 164 29 164 164 164 86 164 164 164 
164 164 114 164 119 164 164 164 150 164 164 164 76 164 164 164 164 164 164 164 108 164 164 164 164 164 164 164 164 164 164 164 164 164 164 153 164 164 164 164 164 164 164 164 164 164 164 164 8 164 
164 164 164 75 164 164 164 23 164 164 164 164 164 164 164 164 164 164 164 164 164 164 164 164 164 164 31 164 164 164 164 164 164 164 164 164 164 164 164 164 164 164 164 164 164 164 164 164 164 
164 164 164 164 164 79 164 52 118 116 164 164 164 164 164 164 164 20 164 164 164 164 164 164 164 164 77 164 164 164 164 164 164 164 164 164 164 82 164 164 164 164 164 161 164 164 164 164 
121 164 85 92 164 164 156 164 164 164 6 164 164 109 164 91 127 10 164 164 164 164 164 160 164 164 159 164 164 164 164 164 164 164 164 164 164 164 164 164 164 164 164 164 164 25 164 
164 164 164 164 62 164 44 100 164 164 164 37 164 164 164 164 164 45 164 164 164 164 164 164 164 164 164 164 164 83 164 164 164 164 164 164 164 98 164 164 164 55 164 164 2 164 
164 164 164 112 164 50 164 164 164 74 164 164 164 164 132 164 164 164 164 164 164 164 164 164 164 164 164 164 164 164 53 164 164 65 164 164 164 164 164 164 164 164 164 164 164 
93 164 164 120 29 164 164 164 164 164 164 164 164 164 164 164 164 164 84 164 164 91 164 164 164 164 164 164 164 164 164 164 61 94 164 164 164 30 164 164 164 164 164 164 
164 164 164 164 109 28 57 164 85 164 156 164 157 164 23 164 164 164 68 164 115 164 164 164 164 164 164 164 127 164 164 164 164 164 164 164 164 164 164 164 164 164 164 
82 53 164 121 146 164 164 113 54 164 164 164 41 164 164 164 164 164 164 164 164 164 164 164 164 164 164 87 164 164 164 164 164 164 164 164 40 164 164 164 164 164 
164 164 164 164 164 164 164 164 164 66 164 0 153 164 164 164 164 164 28 164 164 164 164 164 164 164 164 164 164 164 164 164 164 164 164 164 164 164 164 164 164 
26 112 164 164 36 164 164 164 164 164 164 5 164 164 164 164 164 164 164 164 164 164 164 164 9 164 164 164 164 164 164 41 164 164 164 164 164 71 164 164 
125 164 164 164 164 149 164 164 164 164 164 164 164 69 164 164 164 164 164 164 164 164 164 164 164 164 164 5 164 164 164 164 150 164 164 164 164 164 164 
164 127 38 22 73 164 164 164 20 164 164 164 11 164 164 164 164 101 164 93 164 164 164 164 164 164 164 164 164 164 164 164 164 164 164 164 164 164 
97 164 77 131 164 164 164 164 164 114 1 164 164 164 51 164 164 164 164 164 164 164 164 164 164 164 164 164 164 164 164 164 164 164 164 2 164 
164 164 164 164 164 164 164 164 164 164 164 164 164 4 164 164 164 20 164 53 164 164 164 164 164 164 164 164 164 164 164 140 164 110 45 164 
1 16 164 164 62 164 164 164 164 164 115 164 130 164 69 164 164 7 164 164 164 0 88 124 140 164 164 164 164 164 164 164 164 164 164 
74 143 107 164 164 159 62 164 49 58 164 164 102 164 164 164 164 164 164 164 164 164 164 134 164 164 164 164 164 164 164 164 164 164 
164 164 125 164 164 164 164 164 21 110 164 164 46 164 164 164 39 164 164 164 164 164 164 164 164 164 164 164 164 164 164 25 150 
45 164 164 133 164 18 67 164 164 164 164 164 0 164 71 86 118 164 164 164 164 164 104 164 91 164 164 164 164 164 164 48 
99 164 154 12 164 123 164 164 164 164 164 164 108 164 15 164 164 109 105 164 164 164 53 164 164 164 164 164 164 8 164 
164 55 71 51 164 164 164 164 164 91 164 164 164 164 164 49 164 164 164 164 164 164 164 59 68 164 164 164 164 164 
164 164 164 95 164 164 164 72 164 146 28 164 135 63 164 164 164 164 164 164 164 93 164 164 164 164 164 164 164 
50 164 164 164 84 78 164 164 164 164 164 151 164 164 164 164 164 100 164 164 164 164 164 76 164 164 164 164 
164 45 164 63 164 41 164 164 24 164 164 77 164 164 164 164 164 164 164 164 164 111 123 164 164 164 39 
164 164 164 86 34 164 68 164 164 164 164 164 164 61 164 164 37 164 164 134 164 164 164 164 164 164 
164 109 164 164 164 106 31 164 90 164 164 164 164 164 164 164 164 164 164 164 164 117 164 164 164 
85 156 164 164 164 164 164 106 164 164 164 70 110 164 164 164 164 75 5 164 112 164 8 164 
164 164 25 164 61 155 164 7 164 164 164 164 164 164 164 164 164 164 164 119 14 21 164 
164 111 164 144 164 164 164 164 164 164 84 117 164 164 164 164 164 164 164 164 164 164 
64 26 164 57 164 164 33 32 164 36 164 76 164 164 164 164 164 164 164 164 164 
109 164 77 164 164 147 102 164 164 164 164 20 164 164 164 164 164 164 164 153 
164 164 164 124 164 144 134 164 64 164 164 164 164 164 58 164 164 152 164 
164 164 164 17 164 164 164 164 33 164 102 164 164 164 137 52 164 164 
164 2 162 141 164 133 126 164 129 164 40 164 164 164 164 159 164 
164 164 164 164 164 164 0 164 164 164 164 164 164 158 164 164 
164 80 163 164 164 138 164 164 164 164 164 164 164 164 164 
164 157 164 164 164 32 164 164 164 164 164 164 164 68 
81 164 14 164 164 164 164 164 164 136 164 129 55 
21 164 164 164 164 164 164 164 18 164 164 164 
164 164 164 164 103 164 164 164 98 164 164 
164 28 164 164 76 92 164 164 164 164 
86 100 164 164 164 164 164 23 164 
38 164 164 164 164 164 164 164 
164 164 164 22 164 87 69 
164 27 164 164 164 33 
12 164 164 164 95 
160 93 45 164 
40 164 164 
164 164 
164 

