100 183
183 183 80 183 183 183 183 38 71 183 183 183 66 134 182 183 183 113 183 183 183 183 94 183 183 183 183 183 183 183 183 183 183 183 183 183 183 183 183 183 183 183 183 183 183 183 183 183 183 183 183 164 183 183 183 22 183 166 183 183 183 183 183 183 183 183 183 183 183 183 183 183 183 183 183 183 183 183 183 183 183 183 183 183 183 34 183 62 183 183 183 183 70 174 183 183 123 109 145 
137 183 183 183 183 183 183 172 183 183 183 98 183 45 89 183 183 183 160 183 143 183 11 183 183 183 19 183 183 183 183 183 183 183 181 183 183 183 5 183 183 183 183 183 183 52 183 183 183 47 183 183 183 183 183 183 183 183 183 183 183 183 183 183 183 183 41 183 183 183 55 183 183 183 183 183 183 183 183 140 183 183 183 183 183 183 183 62 183 183 183 183 183 183 183 183 183 84 
183 183 183 130 183 150 183 183 183 183 183 183 18 183 183 183 183 183 183 183 183 160 183 183 183 183 183 77 183 97 183 183 153 183 183 183 183 183 183 183 183 183 183 183 183 183 70 76 183 183 183 183 183 183 183 183 183 183 183 183 183 183 183 183 183 153 183 183 183 183 183 51 119 146 183 183 183 183 183 183 183 183 183 183 183 183 183 65 81 183 183 183 183 183 118 164 7 
183 160 183 183 149 47 11 4 80 160 11 11 160 4 149 153 97 80 183 153 39 80 11 149 4 183 183 40 47 183 80 145 80 183 183 183 183 149 183 183 183 183 4 160 183 183 149 117 183 183 183 160 183 80 183 183 183 183 183 160 183 149 183 80 183 11 183 161 183 47 183 153 183 161 183 159 160 183 4 153 183 183 47 183 183 183 160 80 183 183 183 149 183 183 183 161 
82 50 183 48 2 183 183 183 183 183 76 183 23 183 74 40 142 183 13 183 183 183 183 183 183 183 183 183 183 183 183 183 183 183 183 183 183 183 183 176 183 183 183 183 183 183 153 183 183 183 183 42 183 183 183 183 183 183 183 183 183 183 183 183 183 183 33 183 183 4 183 183 183 183 183 183 183 183 183 183 183 183 36 183 183 183 163 183 183 183 183 183 183 183 26 
183 183 183 183 22 183 183 183 183 100 183 50 183 183 159 183 183 63 183 183 150 183 183 183 183 183 183 183 183 159 183 183 183 183 183 183 183 183 183 183 183 19 183 183 183 160 183 183 183 183 183 183 183 183 183 52 183 183 183 183 183 183 183 183 183 183 183 183 183 183 183 116 73 183 183 110 183 183 183 183 183 183 77 32 183 183 183 31 183 2 41 183 183 183 
3 183 69 167 158 183 183 49 183 183 183 183 183 183 183 166 183 4 26 183 29 183 183 183 183 183 183 183 161 183 34 183 183 183 183 183 183 183 183 183 183 183 183 183 183 183 183 183 183 183 183 183 183 183 183 183 183 183 183 183 183 183 183 183 183 74 183 183 183 183 183 100 183 183 183 183 183 183 183 183 183 94 183 183 183 183 183 183 183 183 47 183 152 
26 183 183 183 183 183 183 101 183 124 97 139 183 183 183 183 80 49 183 183 120 9 183 23 183 183 183 159 183 183 183 183 183 183 183 95 183 183 111 183 135 183 183 40 183 183 183 183 183 183 183 183 183 183 183 183 183 183 183 183 183 183 183 183 183 183 183 183 183 183 183 183 183 183 183 183 183 183 183 183 183 183 183 83 183 183 36 183 183 183 183 183 
183 183 138 130 65 183 10 183 183 183 183 183 183 86 183 183 183 32 183 183 183 183 183 68 183 183 183 183 183 183 183 183 183 183 183 183 183 183 183 183 183 183 183 183 183 183 183 183 183 183 183 183 183 183 183 183 161 183 183 183 183 183 13 183 183 183 24 183 183 183 183 183 183 39 183 183 183 183 183 183 183 183 183 101 183 183 183 183 183 54 183 
6 183 183 183 9 183 72 153 183 183 47 183 183 29 11 183 183 183 183 183 183 183 183 183 183 183 151 8 183 183 183 183 183 183 183 183 183 139 183 183 183 4 183 93 183 183 183 183 183 183 183 183 183 183 183 183 183 183 183 183 183 183 183 183 183 141 183 183 183 183 183 183 183 183 183 183 183 183 183 183 183 183 183 74 183 183 183 183 183 183 
17 183 178 1 111 183 183 183 4 183 183 183 183 11 104 96 183 183 183 183 27 173 183 183 160 183 183 183 183 183 183 183 183 183 183 183 183 183 183 183 183 183 183 183 183 183 183 183 183 73 183 183 183 183 183 183 183 183 183 183 183 183 183 183 183 183 183 183 183 183 183 183 183 183 183 183 183 183 0 183 183 183 183 183 183 181 3 183 183 
183 183 175 155 183 183 3 116 183 183 183 183 183 183 183 183 183 183 183 183 183 183 183 183 183 183 183 183 183 183 183 183 183 183 183 183 183 41 183 11 183 183 183 183 183 183 183 183 183 72 183 183 183 183 183 183 183 183 183 183 183 99 114 183 183 183 183 183 183 183 183 183 183 183 183 8 183 1 183 183 183 183 183 61 179 183 14 183 
172 116 183 158 183 183 183 161 70 183 183 183 183 183 183 183 124 92 183 183 41 183 183 183 183 155 183 183 183 183 183 183 183 183 183 183 183 183 183 183 183 183 183 183 73 183 183 183 183 183 183 183 183 183 183 183 183 183 183 183 142 183 183 183 183 183 166 183 183 57 183 183 183 138 183 183 183 183 183 183 60 183 183 183 183 183 49 
183 183 183 183 183 92 159 183 183 183 183 51 183 145 64 183 38 19 183 183 183 11 183 183 183 183 52 183 183 183 183 183 183 183 183 183 183 183 183 183 183 183 183 183 183 183 183 108 183 183 183 183 183 183 183 183 183 183 183 183 183 183 183 183 183 183 61 183 183 183 183 86 183 183 183 183 183 183 183 183 183 183 183 183 183 183 
183 173 183 183 183 160 183 183 130 11 72 168 183 183 183 183 183 11 183 183 183 183 183 183 110 183 183 183 183 183 183 183 183 88 183 183 11 183 75 183 183 183 183 183 183 183 183 183 183 183 183 183 183 183 114 132 183 183 183 183 58 183 183 183 183 183 183 183 183 183 183 183 183 183 183 183 183 183 183 183 183 183 183 183 183 
183 87 183 183 183 183 183 183 28 183 183 183 31 183 122 183 183 183 183 160 183 183 183 183 183 183 183 26 183 183 183 183 183 183 183 183 183 183 183 183 183 183 183 183 183 183 183 183 183 183 183 183 183 183 183 183 183 183 183 183 183 183 168 183 183 183 183 183 183 183 183 4 183 183 183 183 183 183 183 183 183 183 183 183 
43 77 183 183 183 183 17 183 183 183 20 183 183 84 183 183 122 183 183 183 183 183 183 128 183 183 183 183 183 183 183 149 183 183 183 183 183 183 183 183 183 183 183 183 97 183 53 183 183 183 183 183 183 183 183 183 183 183 183 183 183 183 183 183 183 183 183 183 183 183 183 11 183 110 183 183 183 183 183 183 90 183 183 
183 183 183 183 183 58 183 183 158 183 183 34 60 183 183 183 129 183 183 183 97 183 183 183 183 183 183 139 183 183 183 183 183 183 64 183 183 183 183 183 183 183 183 183 183 183 183 183 183 183 183 183 183 183 183 131 183 183 183 183 183 183 183 183 183 183 183 183 183 183 183 183 183 183 183 183 183 183 182 183 183 31 
183 183 183 112 183 12 126 124 183 183 105 183 111 183 183 183 183 48 183 183 183 183 183 183 183 183 183 183 183 183 183 183 47 183 183 183 183 183 25 28 183 183 183 183 137 183 183 183 183 183 183 183 183 183 183 183 183 183 183 183 183 183 183 183 183 183 183 183 183 183 183 183 183 183 65 183 4 183 183 183 183 
183 173 183 183 183 183 183 183 99 183 183 183 183 183 183 11 98 95 183 119 183 171 183 140 183 123 183 183 183 183 183 160 183 183 183 183 183 183 183 183 183 183 183 183 183 183 183 183 163 183 183 183 183 183 183 183 183 183 183 183 183 183 183 183 183 183 169 183 183 183 183 183 183 183 183 183 183 183 183 183 
40 47 149 180 183 47 153 153 153 159 149 4 183 183 106 160 160 4 183 159 159 149 183 183 159 183 183 149 47 160 150 40 149 183 160 161 183 160 183 47 80 47 183 160 183 183 47 160 183 149 183 80 47 160 80 183 159 153 183 47 160 160 183 183 153 183 183 183 183 183 183 11 28 153 183 160 161 161 149 
32 44 161 14 183 183 183 183 183 183 183 183 43 183 51 87 183 50 183 183 150 183 183 183 183 121 183 183 66 183 183 183 183 4 183 183 183 183 183 183 183 183 183 183 183 183 183 183 183 183 183 183 183 183 183 183 183 183 183 183 183 86 183 183 183 183 183 183 183 183 183 183 183 183 183 183 183 183 
183 160 183 183 183 183 183 183 14 183 37 148 153 183 183 183 183 35 183 183 183 183 183 183 71 183 10 183 47 77 183 183 183 183 165 183 106 183 183 183 183 183 183 183 183 183 183 183 183 183 183 183 183 183 183 183 183 127 183 183 183 183 183 183 183 183 183 183 183 183 183 183 183 183 183 183 183 
183 183 183 183 179 183 81 183 4 131 45 183 183 183 31 183 183 21 183 183 183 183 183 183 183 183 183 183 183 183 183 183 89 183 183 183 183 183 183 183 183 183 183 183 183 183 183 183 183 183 183 183 183 183 183 183 183 183 183 183 183 183 183 183 183 183 183 183 183 183 183 183 183 183 183 183 
160 183 183 183 183 149 40 153 11 47 136 80 40 183 183 183 183 183 183 160 183 4 153 183 161 183 164 183 183 183 80 183 11 183 160 183 11 183 183 160 80 183 183 183 183 11 159 153 160 11 183 183 183 159 149 183 160 183 183 183 47 183 80 4 183 183 183 4 183 183 183 149 153 183 183 
91 183 183 183 136 183 110 183 183 160 183 98 183 183 183 183 17 183 183 183 70 183 183 183 183 183 183 183 183 183 183 183 183 183 183 183 183 183 183 183 183 183 183 183 183 183 183 183 183 183 183 183 183 183 183 183 183 183 10 183 183 183 183 183 9 183 183 183 183 183 4 183 183 183 
167 183 183 18 183 180 145 183 183 183 183 183 183 89 183 183 183 183 183 183 183 183 183 183 149 105 183 183 183 183 16 183 183 183 183 183 183 183 183 183 183 183 183 183 183 183 183 183 183 183 183 183 69 183 183 183 183 183 183 183 183 183 183 183 183 183 183 183 183 183 183 183 183 
13 183 183 183 60 183 183 183 183 183 183 70 183 133 183 66 144 183 183 183 183 183 148 159 183 172 183 183 183 183 183 183 183 183 183 183 183 183 183 183 183 183 183 111 183 183 183 183 183 183 183 183 183 179 183 183 183 183 183 183 183 137 183 183 183 183 183 183 183 183 183 183 
183 183 114 183 183 119 160 106 71 183 183 183 183 183 183 183 183 183 183 183 183 147 183 183 183 183 183 183 183 183 183 183 183 183 183 89 183 183 183 183 183 183 183 183 183 183 183 183 183 183 183 183 183 183 183 183 183 145 183 183 183 183 183 183 183 183 37 183 183 183 183 
183 183 51 128 183 40 183 183 154 183 174 183 183 13 135 36 183 183 183 183 183 183 183 82 183 118 183 159 183 183 183 183 183 183 183 49 183 183 183 183 183 183 183 183 183 183 183 183 183 183 183 183 183 183 183 183 183 183 183 183 183 183 183 183 127 183 183 183 183 183 
123 183 183 183 183 183 183 183 183 56 183 183 183 183 183 34 183 183 67 88 183 183 183 183 183 183 183 183 183 183 183 24 183 183 183 183 183 183 183 183 183 183 183 183 183 183 183 183 183 183 183 183 183 183 82 183 183 183 183 183 183 183 183 183 183 183 183 183 183 
183 1 134 11 59 183 183 183 183 183 183 183 183 183 183 78 183 183 183 183 183 183 183 183 183 183 183 183 183 51 76 183 183 183 183 183 183 183 183 183 183 52 183 183 183 183 183 183 183 183 183 183 183 183 183 183 183 183 183 183 183 183 183 183 183 183 183 94 
183 183 183 183 183 183 42 105 74 183 183 183 183 183 183 183 183 183 11 183 183 183 183 183 183 103 183 177 183 183 183 183 125 183 183 183 183 183 183 183 183 183 183 183 183 183 183 183 183 183 183 183 183 183 183 183 183 183 183 183 15 183 183 183 183 183 183 
183 183 183 183 183 183 182 32 183 183 99 183 58 183 183 168 183 183 170 183 183 183 183 183 183 183 183 183 183 183 183 139 183 183 183 183 183 183 183 183 183 183 183 183 183 125 183 183 183 183 183 183 183 183 123 183 183 183 183 183 183 183 183 183 29 183 
161 73 183 163 183 183 48 183 183 183 183 183 183 183 183 183 153 183 183 105 176 183 183 183 183 183 183 183 183 183 183 183 183 183 183 183 183 183 183 183 183 183 1 183 183 183 183 183 183 183 183 183 183 183 183 183 130 183 183 183 183 55 183 183 183 
183 183 149 183 4 153 160 160 149 183 153 183 183 183 40 75 4 47 40 183 159 80 183 183 153 183 40 40 11 183 183 183 183 47 149 153 161 183 11 149 183 183 183 183 153 153 183 183 149 47 47 183 4 183 80 40 183 183 153 183 183 183 80 183 
66 26 183 110 183 136 183 183 183 182 183 183 183 183 183 183 183 88 183 49 183 183 183 183 183 183 183 183 183 183 183 183 183 183 183 183 183 183 183 183 183 183 183 183 183 183 183 157 183 183 183 183 183 183 183 183 183 183 183 183 183 183 183 
183 56 183 20 183 90 5 54 18 183 183 77 183 183 183 133 183 183 183 183 183 183 183 183 183 183 183 183 183 183 183 183 183 183 183 144 183 183 183 183 183 183 183 183 183 183 183 183 183 183 183 183 183 183 183 183 183 183 183 183 183 183 
183 183 86 183 162 183 18 183 183 56 24 70 183 183 183 183 183 36 183 183 183 183 183 183 183 183 183 183 183 183 183 183 176 183 183 183 47 183 183 183 183 183 183 183 183 183 183 183 183 183 183 183 183 183 183 183 183 183 183 134 183 
94 39 183 183 8 183 183 183 25 183 183 183 107 183 183 183 183 183 183 11 183 183 183 21 183 183 183 161 183 183 142 183 183 183 169 183 183 183 183 183 183 183 148 183 183 183 183 183 183 183 183 7 183 183 183 183 183 183 183 183 
118 183 183 183 183 183 183 183 183 183 183 183 146 183 183 183 183 183 183 183 87 183 183 183 183 183 183 183 183 183 183 183 183 183 55 183 183 183 183 165 183 183 183 183 183 183 183 183 183 183 183 183 183 183 183 183 183 183 183 
183 183 183 183 183 183 183 183 183 80 183 183 64 183 183 183 144 183 183 183 183 183 183 183 183 183 183 183 183 183 183 162 183 183 183 183 145 183 183 183 183 183 183 183 183 183 183 183 183 183 183 183 183 183 183 183 183 183 
183 163 167 183 183 58 183 170 153 183 183 138 162 183 183 183 183 183 0 183 166 183 183 183 183 183 183 183 183 183 160 36 183 183 183 183 183 183 183 183 183 183 183 183 183 183 130 183 183 137 183 183 183 183 18 183 183 
87 168 38 183 183 183 142 183 183 183 183 183 183 183 183 183 49 158 183 183 183 183 183 45 183 125 183 183 183 183 183 183 183 145 183 183 183 183 183 183 183 77 183 183 183 183 183 183 183 183 183 183 183 183 183 183 
183 183 183 183 96 183 40 183 183 4 154 183 183 45 183 183 183 183 183 183 183 183 183 183 183 183 183 183 183 16 183 183 183 183 183 183 105 183 183 183 183 183 183 183 183 183 183 39 183 183 183 183 183 183 183 
59 69 76 183 183 183 70 152 183 183 183 183 183 183 60 93 30 183 183 111 183 183 183 183 183 183 183 183 183 183 183 183 183 183 183 183 183 183 183 183 183 95 183 183 183 183 183 183 183 183 183 183 183 183 
183 183 183 183 183 183 124 183 156 183 183 183 183 183 183 159 183 179 183 4 183 183 183 27 183 77 183 128 183 183 183 183 183 183 183 183 183 183 183 183 183 183 183 183 183 183 183 183 183 183 183 183 164 
183 183 183 183 183 115 123 183 17 183 183 125 183 183 183 145 183 183 183 44 183 23 183 183 183 183 183 183 43 183 183 183 183 26 183 183 183 183 183 183 183 183 183 183 183 183 183 183 183 183 183 183 
145 129 80 183 183 59 183 150 183 57 183 183 183 44 183 183 183 156 183 183 183 183 183 183 183 72 183 183 183 183 183 183 183 183 113 183 183 183 101 183 183 183 183 183 183 183 183 183 183 183 183 
134 183 183 137 183 183 183 65 183 131 183 183 183 183 171 183 183 183 183 183 183 183 183 183 183 183 183 183 183 183 183 183 183 117 183 183 183 183 183 183 183 183 183 183 183 183 183 183 183 79 
153 154 183 183 183 3 183 183 183 183 183 183 183 183 183 183 183 110 183 183 183 183 183 183 183 183 183 183 183 183 183 183 183 183 183 183 183 183 183 183 183 183 183 30 183 183 183 183 183 
80 183 47 159 153 183 47 4 80 183 183 160 183 183 80 183 183 183 183 153 183 183 80 47 53 183 160 80 161 183 183 183 11 183 183 149 183 183 183 4 161 183 183 183 153 183 183 4 
183 183 183 183 183 183 183 183 183 166 183 42 183 183 0 183 183 183 92 183 183 183 183 183 183 183 121 183 57 183 183 183 183 183 183 183 183 183 183 183 183 183 183 183 183 13 183 
21 183 183 183 183 183 183 183 183 183 183 183 183 183 183 183 150 183 183 183 183 183 183 183 183 86 183 183 183 183 183 163 183 183 183 183 183 183 183 183 44 26 183 183 183 183 
106 183 183 181 22 16 154 183 183 183 183 183 103 55 183 183 183 183 183 183 183 183 183 183 183 183 183 183 183 183 183 183 183 183 183 183 183 183 144 183 183 183 183 183 183 
69 157 183 183 183 143 183 183 88 183 183 183 183 183 183 183 183 10 183 183 183 183 56 183 183 183 183 183 183 183 183 183 183 183 183 183 183 183 7 183 183 183 183 183 
183 183 183 179 183 78 4 183 183 122 183 183 34 76 183 183 183 183 183 183 183 183 183 183 183 183 183 183 183 183 183 183 183 183 183 183 183 183 183 183 183 183 183 
183 183 21 183 110 89 183 183 183 183 183 183 102 183 183 183 174 183 143 183 183 183 183 183 6 183 183 183 183 183 183 183 183 183 162 183 23 183 183 183 183 183 
183 183 183 183 156 29 183 105 183 23 46 117 183 183 183 183 183 64 104 183 183 183 183 183 39 183 183 183 183 183 183 183 183 183 183 183 183 183 183 183 183 
117 183 182 76 183 183 65 183 183 62 151 183 183 183 183 183 183 183 15 183 183 183 183 141 183 183 183 183 155 183 183 183 183 183 171 183 183 183 9 183 
146 183 183 183 183 183 175 2 183 119 183 183 183 5 183 183 158 183 183 183 183 183 183 13 183 183 183 183 183 183 183 183 183 183 183 183 183 183 183 
183 111 183 183 181 183 183 183 183 175 183 183 183 183 183 183 183 183 183 183 183 183 92 183 183 183 183 183 183 183 183 183 183 183 183 183 183 183 
183 45 100 165 183 183 183 106 183 183 183 115 183 183 183 183 183 183 183 183 183 183 183 148 183 96 47 183 183 183 183 183 183 183 183 183 183 
183 67 183 65 183 80 183 183 183 183 183 183 183 90 183 183 183 183 183 178 183 183 183 183 183 183 183 183 183 33 183 183 183 183 183 183 
76 13 183 79 183 183 183 183 183 183 183 138 183 64 183 183 183 183 183 183 183 116 183 183 127 183 183 183 40 183 183 183 146 183 183 
183 3 183 183 183 60 183 183 183 183 47 183 183 183 106 9 183 183 183 44 63 183 183 183 183 183 183 102 183 183 183 183 183 183 
150 183 183 183 183 134 35 183 183 183 183 94 183 183 183 44 183 108 183 183 183 183 183 183 183 106 183 183 183 183 183 6 183 
183 140 34 136 183 81 183 183 61 183 183 19 183 183 183 127 183 183 183 183 183 183 183 183 183 183 183 183 183 183 183 183 
175 183 132 183 183 183 26 183 183 183 183 75 183 19 51 183 97 183 183 183 183 183 183 183 183 54 18 183 183 183 183 
183 16 85 183 183 183 183 7 183 126 183 183 183 183 183 183 183 183 162 183 183 64 48 183 183 183 183 183 183 183 
183 105 183 183 129 183 154 183 183 183 183 183 46 183 183 183 183 183 183 183 183 183 183 183 183 183 183 124 183 
141 183 183 183 121 183 183 183 113 183 183 183 183 183 183 183 106 183 183 183 183 183 183 183 42 183 183 183 
169 183 35 183 133 183 183 183 183 183 183 183 12 183 112 183 183 13 183 67 183 183 183 52 183 183 183 
183 183 183 97 183 183 183 183 65 183 183 183 79 183 183 183 183 183 183 183 19 46 171 183 183 183 
183 183 183 183 183 183 183 102 183 116 183 183 183 183 183 183 183 183 105 183 183 183 183 183 183 
183 183 170 76 183 78 183 183 183 183 183 183 183 183 6 183 18 183 183 183 108 183 183 183 
73 183 183 183 183 107 183 126 103 76 183 183 82 156 67 29 183 183 183 183 183 183 183 
183 66 183 138 183 112 117 183 183 183 183 183 183 183 183 183 183 183 183 183 183 183 
92 120 113 26 183 183 183 183 183 109 183 124 183 183 183 183 183 183 183 183 183 
183 24 183 55 183 183 183 183 131 183 51 183 183 183 183 183 183 139 183 183 
183 183 157 179 183 88 128 183 183 3 183 149 183 183 183 183 183 183 183 
150 183 183 161 177 94 98 183 183 183 183 183 183 183 183 183 183 183 
183 183 183 183 183 183 128 183 183 183 38 158 50 62 183 183 183 
43 183 183 183 58 122 52 183 183 183 183 183 183 183 183 183 
183 183 104 110 183 18 183 183 183 183 93 183 183 145 183 
183 140 183 183 183 62 131 183 156 183 15 40 183 175 
151 161 25 120 183 183 183 160 183 183 183 183 183 
183 183 183 5 183 175 123 69 183 183 183 37 
27 95 183 183 183 183 183 183 183 183 183 
183 76 58 183 183 183 183 97 183 8 
20 183 183 183 109 183 183 183 183 
183 124 183 183 151 32 183 183 
183 130 183 183 15 32 183 
183 159 183 183 181 183 
17 183 183 183 183 
85 111 101 183 
183 183 183 
179 108 
183 

