100 100
100 43 81 100 100 26 100 51 87 37 40 100 100 100 69 100 100 100 100 100 100 100 100 100 100 100 100 100 100 100 100 100 100 100 100 100 100 100 100 100 20 100 100 100 100 100 100 100 100 100 100 100 100 100 100 100 100 100 100 100 100 100 100 100 100 100 100 100 100 100 100 100 100 100 100 100 100 100 100 39 100 100 100 100 59 100 44 50 100 100 100 68 72 100 100 100 48 14 89 
89 100 100 63 31 39 100 100 100 100 100 100 100 95 100 13 100 100 100 100 100 100 93 100 100 100 100 100 100 100 100 100 100 100 100 100 100 100 83 100 100 100 100 100 100 100 100 100 100 100 100 100 100 100 100 100 100 100 100 55 100 100 100 84 86 100 100 100 100 100 100 100 100 100 100 100 60 68 100 62 100 100 100 100 100 100 100 100 100 100 100 38 100 26 74 64 100 100 
100 100 37 100 16 7 100 100 93 100 20 100 100 100 100 100 100 6 100 100 100 100 100 100 100 100 100 100 100 100 100 100 100 100 100 100 100 100 100 100 100 100 100 100 100 100 100 100 100 100 100 56 100 100 100 100 100 100 100 100 100 100 100 100 100 100 73 100 33 21 37 100 100 62 100 20 100 100 100 100 100 100 20 100 100 1 100 100 30 100 100 100 87 15 100 100 100 
50 24 100 100 69 100 100 100 100 100 100 34 30 100 100 13 100 100 100 100 100 100 100 100 100 59 100 100 100 86 100 100 100 100 100 100 100 100 100 100 100 35 100 100 100 100 100 100 100 100 100 51 100 100 100 100 100 100 100 100 100 100 100 100 60 100 100 100 100 100 100 100 35 100 100 100 100 100 100 100 100 100 100 26 28 100 100 100 100 100 60 3 0 100 83 100 
34 35 100 47 100 100 100 100 58 100 12 100 100 100 84 100 73 100 100 100 38 100 100 100 100 62 100 100 100 100 74 100 100 100 100 100 100 100 100 100 100 100 100 100 100 100 100 100 100 100 100 100 100 92 100 36 25 100 100 100 100 100 100 100 100 100 100 100 34 100 55 100 100 60 100 100 100 100 100 100 100 100 100 100 100 100 100 100 29 100 100 26 100 100 100 
100 90 24 100 24 37 100 100 16 58 37 90 58 100 34 90 69 100 100 100 35 100 37 100 100 20 58 100 1 100 63 100 100 24 62 65 100 100 100 100 100 100 100 100 100 100 100 100 34 100 90 100 100 100 100 100 100 100 90 100 34 100 38 100 100 37 35 14 100 100 53 35 48 90 100 100 100 100 34 100 100 100 24 24 35 100 100 20 100 20 20 35 60 100 
100 32 100 16 100 57 100 100 100 79 68 100 100 100 100 100 100 100 100 100 100 100 100 100 100 100 100 100 100 100 100 75 100 100 58 100 100 93 100 100 100 100 100 100 100 100 100 100 100 100 100 100 100 100 100 8 100 100 100 100 100 100 100 100 100 100 100 100 100 100 100 100 100 95 100 100 100 100 100 100 51 100 100 100 100 91 0 100 100 100 1 100 65 
56 100 9 100 44 100 37 100 12 49 100 100 100 100 35 100 100 34 100 100 100 100 62 100 100 100 100 100 100 100 100 100 100 100 100 100 100 100 100 100 100 100 100 100 100 100 100 100 100 100 100 100 100 100 100 100 4 100 100 100 100 100 100 100 100 100 100 100 20 100 100 100 100 100 100 100 100 100 63 100 100 100 100 100 100 100 58 100 52 100 100 27 
77 100 100 8 60 100 100 100 100 100 100 100 100 100 41 100 100 100 100 100 100 100 100 100 100 100 100 100 100 100 100 100 100 100 100 25 100 100 100 100 100 100 100 1 100 100 100 100 100 100 100 100 100 100 100 100 100 100 100 100 100 100 100 100 62 100 100 100 100 100 100 100 100 100 100 87 100 100 93 100 22 100 100 97 100 100 100 100 100 100 62 
100 100 19 35 100 100 14 100 100 100 100 100 100 100 100 100 100 100 100 71 34 100 100 100 100 50 100 100 100 100 100 100 100 100 100 100 100 100 100 100 100 100 100 100 100 100 100 100 17 100 100 100 100 100 100 100 100 73 20 100 100 100 100 35 100 100 90 100 100 100 100 78 100 64 100 100 72 100 100 100 48 100 100 100 100 100 100 100 40 100 
100 100 35 100 100 41 100 100 30 100 54 100 100 100 43 11 100 100 100 35 100 100 100 100 14 100 100 100 100 100 100 100 93 100 100 100 100 15 100 65 100 100 100 100 100 100 100 100 100 100 100 100 100 100 100 100 100 100 100 100 100 46 100 100 100 100 100 100 100 100 100 100 100 100 74 100 100 99 100 100 22 100 100 100 100 100 100 100 100 
100 100 100 70 100 100 63 100 3 100 34 100 100 100 95 100 100 100 62 100 100 100 100 61 94 100 100 100 100 100 100 100 100 100 100 100 100 100 100 100 100 100 100 71 100 100 100 100 77 100 100 100 100 100 100 100 100 100 100 100 30 100 100 100 58 100 100 100 100 100 100 100 100 100 100 100 100 100 36 99 100 100 100 100 100 12 100 100 
100 37 100 100 100 100 100 100 100 62 100 100 100 100 96 100 100 100 95 100 46 100 100 100 100 100 100 100 100 100 100 100 100 58 100 100 100 100 100 100 100 100 100 85 100 100 100 70 100 100 100 100 100 100 100 37 100 100 100 100 63 100 100 100 100 100 100 100 100 88 100 100 100 100 100 100 100 98 100 100 100 100 100 75 100 21 100 
23 100 100 35 100 100 100 60 54 90 24 100 100 100 100 100 68 100 24 100 37 63 20 100 100 100 100 100 100 60 60 100 85 100 63 100 100 100 34 100 100 100 100 100 100 100 100 100 100 100 58 100 100 63 49 100 100 100 58 25 100 100 100 20 93 100 100 100 100 100 100 100 100 100 100 100 100 100 100 100 100 34 54 100 100 100 
58 100 100 100 62 62 100 100 62 100 24 100 100 100 100 10 100 100 90 100 100 90 100 100 63 100 100 35 100 20 60 67 100 100 100 100 100 100 100 63 100 58 100 62 100 90 100 100 100 34 100 100 60 100 100 100 100 100 51 100 100 59 100 31 100 100 90 100 90 100 100 100 100 100 100 100 100 100 100 22 100 100 100 37 20 
6 100 100 75 100 100 90 93 66 32 100 100 71 100 100 100 100 100 100 100 100 100 100 100 100 100 100 100 100 100 100 100 100 100 100 100 100 100 100 100 74 100 100 100 100 100 100 100 100 100 100 100 100 31 100 100 100 100 100 100 100 100 100 100 100 100 100 86 100 100 100 100 100 100 100 100 100 100 37 2 100 100 100 100 
57 100 67 100 100 100 100 100 53 100 100 100 21 90 66 81 100 100 100 100 100 100 100 100 100 100 100 100 100 100 100 100 100 100 100 100 100 100 3 100 100 100 100 100 100 100 100 100 100 100 100 34 100 100 100 100 100 100 100 100 100 100 52 100 100 100 100 100 100 100 100 100 100 100 100 100 100 100 100 100 100 100 100 
100 100 100 100 100 100 42 100 100 100 100 100 100 80 31 55 17 16 100 100 100 100 100 100 100 100 100 100 100 20 100 100 100 100 100 100 100 100 100 100 100 4 100 100 100 100 100 100 100 100 100 100 100 100 100 100 100 100 100 100 100 100 100 100 100 85 100 93 100 100 100 100 100 100 40 100 100 100 100 100 100 86 
100 77 94 35 100 100 76 100 100 100 100 100 0 44 100 100 100 100 100 100 100 37 37 3 100 100 100 100 100 100 100 100 100 85 100 100 100 100 100 100 100 100 100 100 100 100 100 100 9 100 100 100 100 100 100 100 89 100 100 60 100 59 100 100 100 100 100 100 100 100 100 100 80 86 100 100 100 100 100 100 100 
100 100 100 8 100 100 100 100 94 100 58 71 100 100 100 100 100 100 59 62 100 100 100 100 100 6 100 100 53 7 100 100 100 100 100 100 100 100 100 100 100 100 14 100 100 100 100 100 100 40 100 100 100 100 100 100 100 45 100 100 100 100 100 100 100 99 100 100 100 100 100 100 100 100 100 100 100 100 100 100 
29 58 12 81 7 100 76 61 100 100 100 100 100 100 100 100 100 100 100 100 100 94 100 100 100 100 100 100 88 100 100 100 100 17 100 100 100 100 100 100 100 100 100 100 100 100 100 58 100 100 42 100 100 100 100 100 100 62 100 100 100 100 100 100 100 100 100 100 100 100 100 70 100 100 100 100 100 100 100 
34 97 100 51 100 100 100 100 100 100 27 100 72 100 82 11 100 100 100 100 100 100 100 100 37 100 100 100 86 100 100 100 100 100 100 100 100 100 100 100 100 100 100 100 100 100 100 100 100 100 9 37 100 100 100 100 100 7 100 100 100 100 100 100 100 100 100 100 100 100 100 100 60 81 100 100 100 100 
20 20 100 100 100 100 62 2 100 100 34 100 100 100 100 100 37 100 83 37 58 90 100 56 37 100 60 100 100 37 100 35 100 100 100 100 100 100 60 100 100 100 18 100 20 11 100 100 100 100 59 100 37 100 35 100 100 100 100 100 100 90 37 100 100 100 24 100 100 100 100 45 100 24 34 35 100 
100 47 100 100 10 100 37 100 100 100 100 100 100 100 100 100 100 100 100 100 100 100 100 100 100 100 100 100 100 100 100 100 100 100 100 100 100 100 100 100 100 100 100 100 60 100 44 100 100 100 100 100 100 100 100 100 58 100 100 100 100 100 100 61 100 100 100 100 100 100 34 48 100 100 100 100 
100 100 98 30 23 100 100 100 77 100 100 100 100 100 100 100 100 100 96 2 79 100 100 100 100 100 100 100 100 100 100 21 100 100 100 100 100 100 100 100 87 100 100 100 100 100 100 100 100 100 100 100 100 100 100 100 100 100 100 100 100 100 10 100 100 100 100 100 67 100 100 100 100 100 100 
100 100 100 26 100 100 100 61 100 57 100 100 100 100 100 100 100 100 100 100 24 100 100 100 100 100 100 100 100 100 100 100 100 100 100 100 70 100 100 83 100 100 100 100 100 100 100 90 100 100 100 100 63 100 100 100 100 100 100 100 100 100 100 100 100 100 100 100 100 100 100 100 100 100 
100 56 44 100 39 16 100 89 100 100 100 100 100 96 100 8 100 17 100 100 100 100 100 93 100 100 100 100 100 100 24 100 100 100 100 100 100 100 100 100 100 100 100 100 100 100 100 100 100 100 100 34 100 100 100 100 100 65 100 100 100 100 100 100 3 100 100 35 100 100 100 100 63 
68 6 37 29 100 40 33 100 100 71 100 19 56 100 7 100 100 100 100 49 100 100 100 100 100 100 100 100 100 45 100 100 100 100 100 100 100 100 100 100 24 100 100 100 100 100 100 100 100 100 100 100 100 100 100 100 100 100 100 100 100 100 100 100 100 100 35 100 94 100 100 100 
100 37 100 100 100 100 100 100 100 79 55 100 60 100 100 100 100 100 100 100 100 100 84 100 100 27 100 100 100 100 15 100 32 100 100 100 100 95 100 100 100 100 100 100 100 100 100 100 100 24 100 100 100 100 100 100 100 100 100 100 100 100 100 100 100 60 100 100 100 100 100 
100 100 100 100 31 93 100 77 100 100 100 100 100 98 100 100 100 52 100 100 100 100 100 100 100 100 100 100 100 100 100 100 100 100 68 5 100 100 20 100 100 100 100 100 100 100 100 100 100 100 100 100 100 100 100 100 100 100 100 100 43 100 100 100 100 100 100 100 100 100 
24 34 100 100 100 100 60 91 24 24 66 100 100 37 35 98 100 100 60 100 37 37 100 100 63 100 100 100 63 100 63 100 58 100 62 90 100 100 63 100 100 100 100 100 100 39 100 100 100 100 100 100 100 100 100 100 90 100 100 100 100 100 100 38 100 100 90 100 62 
100 100 100 100 13 100 92 100 100 100 100 100 100 100 100 100 45 100 100 100 100 53 100 100 100 100 100 100 100 100 100 100 100 100 100 100 100 100 100 100 100 100 100 100 35 100 100 100 100 100 100 100 6 100 100 100 100 100 100 100 100 100 62 100 100 83 100 100 
100 100 100 100 52 4 100 100 100 100 100 100 100 100 92 100 100 21 100 82 100 100 73 100 100 100 2 100 100 100 100 100 100 100 100 100 100 100 100 100 100 100 100 100 100 100 100 100 100 100 100 100 100 100 100 100 100 100 100 100 100 35 100 100 100 100 29 
100 75 76 100 100 100 100 90 100 100 100 100 100 100 100 100 100 100 100 100 100 100 100 100 100 88 100 100 100 100 100 100 100 18 100 100 100 43 100 24 100 100 100 100 58 65 100 100 100 100 100 100 100 100 100 100 100 100 100 100 100 100 100 100 100 33 
100 100 0 100 100 62 34 66 100 100 100 100 3 23 100 100 100 100 100 100 6 100 100 16 100 100 100 100 100 96 100 100 55 100 100 100 100 100 100 100 100 100 100 100 100 100 100 97 100 100 100 100 100 100 100 100 100 100 100 100 100 100 100 100 100 
100 100 78 40 41 37 100 100 100 100 100 100 100 100 100 100 100 100 100 100 100 100 100 100 100 100 13 100 100 100 46 100 100 100 100 100 100 62 4 100 100 100 100 100 100 100 100 100 100 100 100 100 100 100 100 100 100 100 100 100 100 100 100 100 
15 14 100 39 100 100 71 45 100 100 100 100 100 100 100 100 60 100 100 49 100 66 83 100 100 100 12 100 100 100 100 100 100 100 100 100 100 100 100 100 100 100 100 100 100 100 100 100 100 100 100 100 100 100 100 100 100 100 100 100 100 100 100 
100 90 95 37 100 100 100 100 100 100 100 23 100 19 4 100 100 100 100 100 100 100 79 100 100 100 100 100 100 100 34 100 38 100 100 100 100 100 100 100 100 100 100 100 100 100 100 100 100 100 100 100 93 100 100 100 100 100 100 100 100 100 
100 100 62 10 9 100 5 20 100 100 100 100 96 100 100 100 100 52 100 100 100 100 100 100 100 100 100 100 100 100 100 100 100 100 100 100 100 100 54 100 100 100 100 100 100 100 100 100 100 100 100 100 100 100 100 90 100 100 100 100 100 
14 24 35 27 96 13 100 100 61 100 100 100 100 100 9 100 100 100 100 100 100 100 100 100 100 100 100 100 58 100 100 100 100 100 100 100 24 100 100 100 100 100 100 100 100 100 100 100 100 69 100 100 100 100 100 100 100 100 100 100 
100 100 4 50 100 35 100 100 100 100 28 100 100 100 100 100 100 100 100 100 100 100 100 100 100 100 100 35 100 100 100 100 100 100 100 100 100 20 100 100 100 100 100 100 46 100 100 100 100 100 100 100 100 100 100 100 100 100 8 
100 100 20 60 100 100 100 100 100 100 100 37 100 58 100 37 100 100 100 34 60 100 60 100 34 90 100 58 90 100 100 87 100 100 29 100 70 100 100 100 20 100 35 100 60 63 100 100 100 100 100 100 51 100 100 100 100 100 
100 100 100 58 100 100 100 100 47 27 97 100 78 100 55 100 100 100 100 49 100 100 100 48 100 100 100 100 100 100 100 100 100 63 100 100 100 100 100 100 100 100 100 100 100 100 100 100 100 100 100 100 100 100 100 100 100 
100 100 100 100 100 100 28 100 100 6 100 100 100 100 43 100 100 100 100 78 100 100 100 100 63 100 100 100 100 100 100 100 100 100 37 100 100 100 13 79 100 100 100 100 100 100 100 100 100 100 100 100 100 100 100 100 
73 100 100 100 42 100 100 76 100 100 59 100 100 100 100 100 100 100 100 100 100 100 100 34 100 100 100 100 100 100 100 100 100 100 100 100 100 100 100 100 100 100 100 100 18 100 100 100 100 100 100 100 100 100 100 
20 100 100 69 100 100 11 100 100 100 100 100 64 100 100 100 100 33 100 100 89 100 100 100 28 51 100 63 100 100 34 100 100 100 100 100 100 100 100 100 100 100 100 100 100 100 100 100 100 100 100 100 100 100 
58 100 58 62 100 100 63 100 100 100 34 100 90 100 100 20 100 100 100 100 34 2 100 100 24 100 49 100 58 100 100 19 100 100 24 20 100 100 60 100 100 100 100 100 100 100 62 100 100 20 100 100 100 
70 100 100 100 54 13 100 100 100 100 36 100 32 100 100 100 98 100 100 100 100 100 100 100 42 34 100 100 100 100 100 100 100 100 100 100 10 100 100 65 100 100 100 100 100 100 100 100 100 100 100 100 
38 100 100 25 99 22 100 100 100 100 100 100 90 100 56 100 34 100 100 62 100 100 100 100 100 100 100 100 100 100 100 100 100 100 100 100 100 100 100 100 100 24 100 100 100 100 100 100 100 100 52 
74 100 100 100 100 24 55 100 100 100 14 41 100 100 100 0 100 100 100 100 100 100 100 100 100 100 63 100 100 100 100 45 100 100 100 100 100 100 100 100 100 100 100 100 100 100 100 40 100 100 
70 100 18 6 80 72 100 100 100 100 100 15 100 100 100 100 100 37 100 100 100 36 100 100 100 62 100 100 100 100 100 100 100 100 100 100 100 100 100 100 100 100 26 100 100 22 100 100 100 
23 100 100 100 100 32 100 100 74 29 64 100 100 100 100 100 24 100 9 100 100 100 100 8 100 100 100 100 100 100 100 100 94 100 100 100 100 100 100 100 100 100 100 100 78 100 100 100 
39 21 100 100 100 100 100 100 100 100 100 100 100 32 100 63 100 100 100 100 100 100 100 100 100 100 100 91 100 100 100 100 100 100 100 100 100 100 100 100 100 100 100 100 100 100 100 
100 100 100 100 82 22 100 100 100 32 100 33 100 100 100 100 100 100 100 35 100 5 100 100 100 100 100 100 100 100 100 100 100 100 100 100 46 100 100 100 100 100 100 100 100 100 
40 100 100 31 11 100 100 100 47 100 100 100 100 100 100 100 100 100 24 42 100 100 100 100 100 100 100 100 100 25 100 100 100 100 100 100 100 100 100 100 100 100 100 100 100 
100 93 100 100 69 61 100 23 100 100 100 100 24 100 100 100 100 100 100 100 100 100 100 100 100 100 100 100 100 100 100 100 100 100 100 100 100 100 100 27 100 100 100 100 
28 100 47 100 100 100 27 59 100 100 100 100 30 100 100 100 100 100 100 100 82 100 100 100 100 0 100 100 100 100 100 100 100 100 100 100 100 100 83 100 100 100 100 
100 97 92 100 67 36 100 100 100 100 100 100 100 100 66 100 100 100 20 100 100 100 100 47 100 100 100 100 100 100 100 100 100 100 100 64 100 100 100 100 3 100 
100 91 100 22 100 100 100 100 100 100 100 100 100 100 63 100 100 54 100 100 100 75 100 96 100 100 100 50 100 100 100 100 100 100 100 100 100 100 100 100 100 
100 100 100 100 100 100 100 100 100 79 100 13 100 24 100 100 100 100 100 17 100 100 100 16 100 100 23 100 100 100 100 100 100 100 100 100 100 100 100 100 
100 100 100 100 100 100 100 58 100 100 57 100 100 100 72 20 100 90 100 100 100 100 100 99 100 100 100 100 100 100 100 100 100 100 100 100 100 100 97 
57 100 86 100 100 67 24 100 100 100 100 100 72 100 100 94 100 100 100 100 100 100 100 100 100 100 100 100 84 100 100 100 100 100 100 100 100 100 
44 23 100 43 100 100 100 100 100 100 100 100 100 100 100 100 62 100 100 100 17 100 100 100 100 100 100 100 100 100 100 100 100 100 100 100 100 
100 65 75 100 24 100 41 100 100 100 100 100 100 100 100 100 99 100 100 100 100 100 100 100 100 100 100 100 100 100 100 100 100 100 22 100 
100 100 89 100 50 100 8 100 100 100 100 100 10 100 84 100 100 100 100 100 100 100 100 100 100 100 19 100 100 100 100 100 100 100 100 
50 100 100 100 100 100 100 60 90 36 100 100 35 100 100 100 100 100 100 100 100 100 100 92 100 21 100 100 100 100 100 100 95 100 
81 20 100 100 100 100 34 73 100 100 100 100 100 100 51 100 100 100 100 100 100 7 100 100 100 100 100 100 100 1 100 100 100 
100 23 82 100 45 100 100 100 62 100 100 100 100 100 100 100 100 100 100 100 100 100 100 100 100 100 100 100 100 100 10 100 
100 63 37 62 17 100 100 60 100 39 100 100 60 100 100 100 34 20 62 100 100 100 100 35 34 55 60 58 24 100 63 
96 100 67 60 100 25 100 84 100 1 89 100 100 100 100 100 100 100 100 100 81 100 100 100 100 100 100 100 100 100 
100 100 100 100 64 37 74 100 100 81 48 100 53 100 100 100 100 100 5 100 100 100 100 100 100 95 100 100 100 
100 100 19 100 62 100 100 40 100 9 100 100 66 5 100 100 100 100 100 6 100 100 100 100 18 100 100 100 
100 12 52 100 100 100 100 41 100 100 54 73 100 100 100 100 100 100 100 100 100 100 100 100 100 100 100 
63 100 44 34 100 63 34 100 62 100 100 90 62 100 100 20 63 100 24 100 100 100 100 100 1 100 
100 100 36 100 82 33 96 80 43 100 100 100 100 77 100 100 100 78 100 35 100 100 100 100 100 
100 100 35 85 100 100 100 100 98 100 100 100 100 47 100 100 100 100 24 100 100 77 100 100 
58 24 63 100 58 100 90 100 34 35 100 60 100 100 100 100 100 71 100 100 100 100 58 
100 88 100 100 5 100 49 15 7 100 100 100 100 100 100 100 100 100 100 100 100 100 
58 100 100 100 34 100 100 100 100 34 100 100 60 100 58 25 35 100 100 37 20 
100 50 100 100 100 100 100 100 100 100 100 100 55 100 100 100 100 100 100 100 
100 47 23 100 100 100 100 25 100 100 86 100 100 100 19 100 100 100 100 
100 100 100 100 2 98 100 100 80 100 100 100 24 100 100 100 33 60 
93 81 100 92 100 100 14 100 100 29 100 100 30 100 68 100 100 
33 28 100 100 100 100 100 75 46 100 100 100 100 100 100 100 
12 100 100 100 100 100 100 100 100 100 100 100 100 100 100 
100 100 76 81 100 56 100 100 34 100 100 100 100 100 
87 11 42 100 100 5 81 100 100 58 100 100 100 
47 100 100 67 52 91 100 100 100 100 100 88 
15 100 23 98 100 100 100 71 100 100 100 
10 98 12 76 100 100 25 100 100 100 
100 53 4 100 100 100 91 88 100 
100 31 100 100 100 2 100 100 
100 100 100 100 100 100 100 
58 100 100 100 42 100 
100 100 63 20 100 
100 57 80 11 
100 100 100 
100 85 
100 

