100 200
200 2 200 21 172 200 44 200 178 200 59 200 200 200 200 200 179 200 200 200 200 200 87 200 200 200 200 200 153 200 200 200 200 200 200 200 200 200 200 200 200 138 200 200 200 200 197 200 200 200 200 200 200 200 200 200 200 200 200 200 200 200 200 200 200 200 200 100 138 200 200 200 200 200 200 200 200 1 200 200 111 200 200 194 200 200 200 200 200 125 200 200 200 93 200 162 200 200 200 
122 200 104 200 107 200 131 200 200 200 200 49 200 200 200 200 1 200 53 200 200 200 200 200 200 200 200 194 200 96 200 167 200 200 200 200 200 200 200 200 200 200 200 113 200 200 200 200 200 200 200 200 200 200 200 200 200 200 200 200 200 200 200 200 200 200 200 92 200 200 200 200 200 200 200 177 143 200 200 200 200 200 200 7 200 200 111 200 200 200 200 69 97 200 200 200 200 200 
200 45 143 200 200 66 200 48 73 121 117 200 200 200 200 200 200 200 1 200 200 183 200 200 200 200 200 200 200 200 200 200 200 200 200 200 200 200 200 200 200 200 200 200 200 200 200 200 200 200 200 200 200 200 200 200 128 200 200 200 200 200 200 200 200 200 200 200 200 200 200 200 70 200 200 200 200 200 100 200 200 200 200 200 200 17 200 163 200 200 200 22 200 200 200 200 123 
200 200 200 122 200 200 200 200 200 16 200 200 128 0 200 200 200 200 200 200 200 200 200 200 200 200 200 200 200 200 200 200 200 200 173 200 200 200 200 200 177 200 200 200 200 200 200 200 200 130 200 200 200 200 200 200 200 200 200 200 200 200 200 200 200 200 111 200 200 200 62 200 200 200 200 200 50 200 178 200 200 120 190 200 200 200 39 200 139 200 200 200 36 133 75 200 
200 200 200 25 200 200 200 200 200 200 10 79 7 200 200 200 200 200 36 200 200 103 200 200 159 200 200 200 200 200 200 200 200 200 200 200 200 200 200 200 200 200 30 200 200 200 200 200 200 200 200 200 200 200 200 200 200 18 38 200 200 200 200 200 200 200 200 200 200 200 200 200 200 200 200 200 8 200 200 200 200 200 200 200 200 200 122 200 200 60 200 200 114 200 200 
103 200 50 200 1 200 154 200 200 200 200 200 200 88 100 138 181 200 200 92 200 200 200 200 200 200 200 200 200 200 91 200 200 200 200 200 200 200 200 200 200 200 200 200 200 200 200 200 200 200 200 200 200 200 200 200 113 200 200 200 200 200 164 200 200 200 200 200 200 200 200 200 200 200 128 200 200 200 200 200 200 16 164 200 200 200 200 200 200 72 200 200 200 170 
200 200 141 200 200 200 195 145 200 200 129 100 53 101 51 200 200 200 200 200 200 200 200 200 200 200 200 200 200 200 200 200 200 200 200 200 200 200 200 200 200 200 200 200 200 200 200 200 200 200 200 200 200 200 200 200 200 200 200 200 200 138 17 200 200 55 200 200 200 200 85 200 200 200 200 200 200 200 200 81 200 92 200 200 200 200 200 15 3 200 200 200 138 
200 43 200 181 200 200 186 185 99 72 200 200 200 200 200 200 200 200 200 200 45 200 200 200 200 200 125 200 200 200 200 200 200 5 92 200 200 200 200 200 200 200 200 200 200 200 200 200 200 200 200 200 200 200 200 200 200 200 200 118 143 51 200 200 200 200 200 200 200 200 200 200 200 200 200 200 200 200 200 63 200 200 200 200 171 200 200 200 200 82 200 200 
194 108 200 78 159 200 200 200 200 200 103 56 200 200 200 200 200 200 42 200 200 200 200 23 200 200 200 200 200 68 200 200 200 200 200 200 200 200 200 200 200 200 200 200 200 200 200 200 200 200 200 200 200 200 200 200 200 127 200 200 200 200 200 200 200 200 200 200 200 200 200 200 51 200 200 200 200 200 200 17 200 200 200 200 200 200 200 141 200 200 32 
200 108 169 76 200 186 200 200 200 200 200 200 200 74 34 116 200 200 149 200 200 200 200 200 200 115 200 200 200 200 200 200 200 200 200 200 200 200 200 200 200 200 45 200 200 200 200 200 200 200 200 200 200 200 200 200 200 200 200 200 200 200 200 17 200 200 200 200 92 200 200 200 200 200 4 200 200 200 200 200 200 200 200 200 200 200 200 77 200 200 
200 200 198 160 71 171 55 138 44 41 200 200 200 200 200 200 200 200 200 200 200 200 200 200 200 200 200 179 196 200 200 200 200 200 99 200 200 200 200 200 200 200 200 200 200 200 1 200 200 200 200 200 200 200 200 200 0 200 200 200 200 200 200 200 200 200 200 51 200 200 1 200 200 200 105 200 200 200 200 200 200 200 200 200 200 200 200 200 200 
200 200 66 200 197 200 200 200 200 200 101 9 200 200 200 200 200 200 200 123 200 200 200 200 200 200 200 200 200 200 200 200 200 200 200 200 200 200 200 200 200 200 200 200 200 200 200 200 200 200 200 200 200 200 99 37 79 200 200 200 12 200 200 200 131 39 200 200 200 8 200 200 200 200 200 200 200 200 200 200 13 200 200 200 200 200 200 177 
200 200 200 200 200 200 39 200 100 200 86 200 200 200 200 200 200 200 200 200 200 200 200 200 200 200 200 200 200 200 200 200 200 200 200 200 200 200 12 200 200 200 200 200 200 134 200 200 200 200 200 200 200 200 200 200 200 200 200 200 92 200 200 200 200 17 200 200 79 200 200 200 200 13 185 200 200 200 200 200 127 198 200 196 200 200 200 
44 39 200 200 200 200 168 200 186 200 200 200 113 200 200 139 124 200 200 200 41 200 200 200 200 200 200 200 200 200 200 200 200 200 200 200 200 200 200 200 200 200 200 200 200 5 200 200 200 200 200 200 200 200 200 200 200 200 200 200 200 200 200 200 200 200 200 100 200 200 200 200 200 200 200 200 200 200 200 200 200 98 200 200 200 200 
58 24 200 164 200 147 200 200 153 200 200 200 200 173 200 200 47 200 200 200 200 200 177 200 200 200 200 200 200 120 135 200 200 200 200 200 200 200 200 200 200 200 200 200 200 200 200 200 200 200 200 200 200 200 200 200 200 200 200 200 200 200 200 200 200 200 200 200 200 200 179 200 67 17 200 200 200 200 200 200 200 200 200 200 200 
200 181 200 200 200 92 91 200 191 118 200 200 187 200 200 78 200 200 200 200 200 200 200 120 200 200 79 200 82 200 200 200 200 200 200 200 200 200 200 200 200 200 200 200 200 200 200 200 200 200 200 200 200 200 200 200 200 111 200 200 200 200 138 200 200 200 200 200 200 200 200 200 92 200 200 200 200 200 200 200 200 200 200 200 
200 200 23 200 100 25 200 14 200 114 200 10 200 200 200 200 200 200 181 200 87 200 200 200 143 200 64 200 200 200 200 200 200 200 200 200 200 200 200 200 200 200 200 200 200 200 200 200 200 200 200 200 200 200 200 200 200 200 200 200 200 200 200 200 100 200 200 200 27 200 200 79 200 200 200 200 200 200 5 200 200 200 200 
143 200 200 200 200 52 200 200 200 200 200 200 200 200 156 200 200 200 152 200 200 200 200 132 164 200 200 200 200 200 200 200 200 200 200 200 135 200 200 200 200 200 200 200 200 200 200 2 200 200 143 200 200 200 200 200 200 200 200 200 200 200 200 1 200 91 200 200 200 200 1 200 200 200 200 200 200 200 200 200 150 200 
142 200 54 79 200 200 200 200 200 200 200 164 17 164 143 51 200 200 164 51 200 100 143 200 200 200 164 51 200 143 200 17 200 79 111 92 200 11 182 79 200 200 200 200 143 200 200 200 200 156 200 200 200 200 200 79 200 200 200 70 200 51 61 200 200 200 200 79 200 189 200 200 200 51 200 200 100 200 79 79 200 
122 51 0 25 200 200 200 102 200 200 200 200 200 200 30 200 200 200 200 200 200 200 200 200 200 200 200 200 200 165 200 200 200 200 200 200 200 200 200 200 171 200 200 200 84 200 200 200 200 200 200 200 200 200 200 200 200 200 200 200 200 200 200 200 200 200 200 200 200 200 200 73 200 200 200 200 200 200 200 200 
1 200 166 200 200 200 200 200 200 200 200 22 200 200 200 200 200 200 200 200 200 200 200 200 200 200 200 200 200 74 200 200 200 200 200 200 200 200 200 200 115 200 200 200 200 200 200 200 200 200 200 200 200 200 200 200 200 200 4 200 200 200 200 200 200 200 200 164 200 200 200 75 200 200 200 200 200 200 23 
200 100 200 51 17 200 79 138 92 200 17 100 200 17 200 111 200 100 51 200 68 17 200 100 200 200 51 200 200 200 200 51 92 200 200 62 138 200 200 200 200 200 200 200 138 143 60 200 200 200 100 117 111 200 164 200 151 138 200 199 200 200 142 200 51 200 200 200 200 200 200 200 200 200 200 138 200 200 
200 200 131 200 200 15 173 33 200 200 200 200 200 200 200 200 28 200 109 200 200 31 200 200 200 200 200 200 200 200 200 200 200 200 200 200 200 200 200 200 200 200 200 200 200 200 200 200 200 200 1 200 200 200 200 200 200 200 111 69 200 20 200 200 200 200 200 200 200 200 200 200 200 200 200 200 200 
200 200 69 139 84 77 200 200 200 200 170 200 200 200 200 200 200 200 200 200 200 200 200 200 200 200 200 200 200 200 200 200 200 200 200 200 200 200 200 200 200 110 200 200 200 100 200 200 200 200 200 200 200 200 200 200 200 200 200 200 200 200 200 200 17 200 200 200 200 200 200 200 200 200 200 200 
69 102 200 200 200 200 6 200 200 67 200 200 200 38 200 78 200 200 200 200 200 200 200 200 200 200 200 47 200 181 3 200 200 200 200 200 200 200 200 200 200 200 200 79 200 200 200 19 200 200 200 200 200 200 200 200 138 200 200 200 200 200 200 200 200 200 20 200 200 200 200 83 200 200 200 
200 51 200 174 200 169 200 200 200 200 13 182 200 200 66 200 138 200 200 200 200 155 200 200 200 200 67 200 200 200 200 200 200 200 200 200 200 200 200 200 200 200 200 164 200 200 200 92 200 200 200 200 200 200 200 200 200 200 200 200 200 178 200 200 24 200 200 200 200 200 173 200 200 200 
200 200 200 200 145 130 200 200 200 200 150 197 23 200 200 200 200 1 200 200 200 200 200 200 200 200 200 200 200 200 200 200 200 200 200 200 200 183 200 200 200 164 138 200 200 200 79 200 200 200 200 200 200 200 200 200 200 200 200 200 200 200 200 26 200 200 200 200 200 200 200 39 200 
200 200 200 200 200 193 200 18 176 200 200 200 200 188 138 55 200 200 200 200 146 200 200 200 200 191 200 200 200 200 200 200 200 200 200 200 26 200 200 200 200 200 200 200 200 200 200 200 200 200 111 200 200 200 200 200 196 200 200 200 200 200 200 200 12 200 200 200 200 200 127 200 
200 109 124 200 200 200 200 200 200 170 200 200 200 100 200 200 200 200 200 131 200 200 200 200 200 200 200 143 200 200 200 35 200 200 200 200 200 200 200 200 51 200 200 200 164 200 200 200 200 200 200 200 200 200 200 200 200 200 200 200 151 200 200 200 200 200 200 200 200 200 200 
200 200 200 163 200 200 200 200 145 200 135 200 200 105 200 200 200 200 199 200 200 46 200 200 200 200 200 200 200 200 200 200 200 200 200 200 200 200 1 200 200 200 200 200 200 200 200 200 17 71 200 200 200 200 200 200 200 200 200 200 200 200 200 200 200 200 200 200 200 200 
94 21 88 44 200 164 200 200 200 200 200 200 158 200 200 168 200 200 200 200 37 200 149 200 200 200 79 200 200 200 200 200 114 200 200 200 52 200 200 200 200 200 200 200 200 200 200 200 200 200 200 77 200 200 200 200 200 200 200 200 200 200 200 200 200 200 200 200 200 
200 200 200 200 200 44 200 64 200 200 200 200 200 200 200 200 200 200 200 200 186 200 200 200 200 200 200 200 200 200 200 200 200 200 200 200 200 200 200 200 200 200 23 200 200 200 200 200 200 200 200 200 200 106 200 200 138 200 200 200 181 200 200 200 200 200 200 200 
200 129 200 120 75 200 159 200 200 111 200 200 200 200 200 200 200 146 200 200 200 200 200 183 164 200 200 200 200 200 200 200 200 200 200 200 200 200 200 200 200 200 200 200 200 200 200 200 200 200 200 200 51 200 200 17 200 53 200 200 200 200 195 200 200 200 200 
15 98 200 200 200 138 200 200 1 200 200 168 200 200 200 200 200 200 200 200 200 200 200 200 144 200 200 200 200 200 200 200 200 200 200 200 26 200 200 200 200 200 200 200 200 200 200 200 30 175 200 200 200 200 200 200 200 200 200 200 200 200 200 200 4 119 
200 200 135 81 131 200 200 200 200 200 200 200 200 200 75 200 200 200 200 200 200 200 200 200 200 200 200 200 200 200 200 200 200 138 200 200 200 200 200 200 200 200 200 200 200 185 200 200 200 200 200 200 200 200 200 200 128 200 55 200 200 200 200 200 200 
200 200 185 78 200 37 200 200 200 200 200 200 184 28 200 200 200 129 200 200 200 200 200 194 200 61 125 56 200 200 200 200 200 200 200 200 200 200 151 200 200 200 200 200 200 200 200 200 200 200 200 200 79 200 200 200 200 200 200 200 200 200 200 200 
49 200 71 200 172 200 70 159 200 165 200 200 200 191 200 200 200 200 200 200 200 200 200 200 200 200 64 200 200 200 200 200 200 200 200 200 51 200 200 200 200 200 200 200 92 200 200 200 200 200 200 200 18 200 200 200 200 200 200 200 200 200 200 
200 200 200 120 100 200 200 85 200 200 200 200 200 200 200 200 200 200 200 200 200 200 200 149 200 200 200 200 200 200 200 200 200 200 200 1 200 200 200 200 200 200 200 200 169 200 121 200 200 200 200 200 200 200 200 200 200 200 200 200 200 200 
200 200 200 51 200 23 200 9 200 200 200 200 200 200 200 200 200 200 200 152 200 200 200 200 186 200 200 200 63 17 200 200 200 200 200 200 200 200 200 51 200 200 200 200 200 200 200 200 200 143 200 200 200 200 200 200 200 200 200 200 200 
200 200 200 200 200 200 194 200 15 200 200 200 63 200 200 200 76 200 200 200 200 200 200 200 200 200 200 200 200 200 200 200 104 1 200 200 200 200 200 200 200 200 200 200 200 200 200 1 100 200 200 200 200 200 200 200 200 200 200 200 
80 138 200 137 200 200 200 200 2 200 45 39 143 200 200 200 200 200 200 121 200 200 200 200 200 200 28 1 200 200 109 200 100 200 200 200 200 51 200 200 200 200 200 200 200 200 200 200 200 200 200 200 200 200 200 200 130 200 200 
1 200 200 200 200 52 200 15 200 200 200 200 200 200 3 200 200 200 86 200 200 200 192 200 200 200 200 200 200 34 200 200 200 200 200 200 200 200 200 200 200 200 200 200 200 200 100 200 200 200 200 200 200 200 200 200 200 200 
100 17 164 164 200 200 100 138 200 200 200 143 200 111 84 200 200 138 200 111 200 200 111 17 200 200 67 200 164 200 160 200 200 200 200 200 200 200 27 200 138 51 200 200 92 162 200 200 200 200 200 200 200 51 143 143 200 
57 28 200 200 200 200 23 200 181 179 200 200 200 200 200 200 200 200 200 200 200 200 200 187 200 200 200 53 200 100 200 200 200 200 92 200 200 200 200 200 200 200 200 200 1 200 200 145 200 200 200 200 200 200 200 200 
181 200 94 64 112 122 200 200 200 200 200 200 200 200 200 200 200 200 200 200 200 200 200 200 1 200 200 167 200 200 200 200 200 138 200 200 200 200 200 200 200 200 200 200 200 200 200 200 200 200 200 200 200 200 200 
137 200 200 200 179 157 200 200 200 200 200 200 200 200 200 200 200 200 184 200 200 200 200 143 103 200 200 17 200 200 200 66 200 200 200 200 200 200 200 200 200 200 200 200 200 200 200 200 200 200 200 200 200 200 
67 140 200 200 101 200 147 200 200 200 200 200 200 89 200 200 90 200 200 200 200 200 200 200 175 200 200 200 200 200 200 200 200 200 79 200 200 200 200 200 0 138 200 200 200 200 200 200 200 200 200 200 200 
83 200 200 200 200 200 200 156 200 138 200 200 200 200 158 200 200 200 200 200 200 200 200 200 200 100 120 200 200 200 200 46 200 200 188 200 200 200 200 200 17 200 200 200 200 153 48 200 200 200 200 200 
189 43 40 166 200 155 200 106 143 200 200 200 200 200 200 200 200 200 200 200 200 200 200 200 100 200 200 200 200 200 200 200 200 200 200 200 200 200 200 200 200 200 200 200 200 200 200 200 200 200 200 
200 96 200 200 115 84 20 200 200 200 200 200 200 200 180 200 200 200 200 200 200 158 200 200 200 200 200 200 200 200 200 200 200 200 200 200 200 200 79 200 200 157 102 200 200 200 200 200 200 200 
200 200 200 200 200 200 111 200 27 200 30 141 37 200 200 200 200 200 200 200 200 200 51 200 200 62 200 200 200 200 6 200 200 200 200 200 200 200 200 200 200 200 200 200 200 200 200 200 200 
200 200 65 198 200 200 200 200 200 200 14 200 200 200 200 200 200 200 200 200 196 17 200 200 200 200 164 64 200 200 200 200 78 200 200 200 1 200 200 200 200 200 200 200 200 200 200 200 
200 200 74 200 200 133 200 200 200 200 200 200 148 200 200 138 200 200 200 200 200 200 85 200 200 200 70 200 100 200 200 200 200 200 200 143 200 200 200 200 200 200 200 200 200 200 200 
171 200 177 92 68 200 200 64 200 200 105 200 200 200 164 200 200 200 200 200 200 200 200 200 200 200 200 200 43 200 200 200 200 200 200 200 200 200 200 200 200 200 200 200 200 200 
128 116 138 200 73 101 200 42 200 200 200 200 200 143 200 200 200 200 200 200 200 200 22 200 200 200 200 200 200 200 200 200 200 200 200 200 165 186 200 200 200 200 200 200 200 
96 92 125 58 200 19 200 200 200 112 200 200 92 200 200 200 121 200 200 200 200 200 6 200 113 92 200 135 200 200 200 200 200 200 200 200 200 200 200 200 200 200 89 200 
100 200 200 200 200 200 200 191 200 186 200 200 200 200 200 200 79 200 200 200 200 200 200 200 200 200 200 200 0 200 200 200 200 200 200 200 200 200 200 86 200 200 200 
200 138 200 92 138 200 200 200 200 51 139 15 200 92 51 200 200 51 51 200 41 17 200 34 1 200 200 200 200 200 200 200 17 200 200 200 200 200 143 200 200 200 
200 200 200 200 200 200 106 200 200 111 138 52 200 200 79 200 200 158 200 143 200 114 200 200 200 200 200 200 200 100 200 76 200 200 42 200 200 200 200 200 200 
179 79 198 200 137 200 200 200 138 92 7 200 200 200 200 69 157 200 200 200 200 200 200 200 200 200 200 200 200 200 200 200 200 154 200 200 75 200 200 200 
157 130 7 200 194 200 174 51 200 200 200 200 92 200 200 39 200 200 200 200 200 200 200 200 200 200 200 1 200 200 200 200 200 200 200 200 200 200 200 
200 200 200 200 200 200 100 164 0 122 200 200 200 161 150 200 138 200 200 200 200 200 200 16 200 200 138 200 200 200 200 200 200 200 200 200 200 200 
200 200 200 135 200 200 200 200 200 200 200 200 200 200 157 200 151 200 200 172 124 200 200 200 200 200 200 200 200 200 200 169 200 200 200 200 200 
47 50 200 200 200 111 200 200 200 200 200 200 200 200 200 200 200 200 200 198 200 200 48 91 79 200 200 200 200 200 200 152 200 200 200 200 
200 73 200 11 200 200 200 200 200 200 90 200 200 200 200 143 200 200 200 189 94 200 200 51 200 200 200 200 200 200 200 200 200 200 200 
14 153 200 200 200 200 7 200 200 200 200 200 200 25 200 1 200 200 32 200 200 200 200 191 200 97 200 200 189 200 200 200 200 200 
200 200 200 88 200 165 92 200 156 200 200 143 23 200 111 200 200 200 200 200 200 200 200 109 200 200 200 144 200 200 200 200 200 
200 200 200 200 96 200 200 200 167 172 100 200 200 17 200 200 200 200 200 200 200 200 200 200 200 200 200 200 200 200 200 136 
152 200 1 200 163 200 100 200 200 29 200 100 200 200 200 200 200 200 200 183 200 200 200 200 92 200 200 51 100 100 200 
200 200 200 168 138 200 17 17 72 200 200 177 200 164 200 111 79 200 82 164 79 51 79 200 200 164 200 200 200 143 
130 200 92 200 125 200 54 200 200 200 200 200 200 200 129 200 116 200 200 200 200 69 30 200 200 191 200 200 65 
200 200 173 180 200 200 200 30 200 200 32 199 200 200 200 200 200 42 19 200 200 200 200 200 200 200 200 200 
17 200 200 90 27 51 200 200 100 4 200 200 200 135 200 200 200 200 200 200 200 200 200 200 200 200 200 
92 143 200 143 200 111 79 0 200 100 138 143 164 200 148 138 138 143 1 164 92 200 200 200 200 100 
200 200 200 51 200 68 200 200 32 200 200 138 200 111 200 33 148 200 90 72 200 200 46 200 200 
179 109 200 121 200 200 47 52 200 200 200 200 92 200 200 200 200 200 200 200 200 200 200 200 
126 200 200 140 143 200 200 200 200 200 200 200 200 200 200 200 200 200 52 200 20 200 200 
111 200 121 200 119 200 200 200 200 200 51 200 200 200 200 200 200 200 200 200 200 200 
79 200 94 200 200 200 200 92 51 145 17 200 200 79 200 164 138 200 200 164 1 
200 200 200 200 200 200 200 200 92 200 200 195 93 200 200 200 200 200 200 200 
51 137 200 200 200 5 200 200 200 200 200 200 36 10 200 200 200 200 34 
200 92 200 143 200 200 200 92 79 200 200 200 92 79 200 111 138 92 
200 163 200 46 200 200 109 200 200 200 200 200 200 200 200 200 200 
200 200 200 26 200 200 61 200 200 200 200 140 200 115 200 87 
200 200 200 17 1 200 200 98 200 200 200 153 200 61 200 
183 200 200 200 146 200 200 68 200 200 200 58 200 200 
35 200 134 200 189 200 200 200 109 200 200 200 200 
79 11 200 200 200 200 200 100 84 200 200 200 
51 200 200 200 79 79 1 17 200 92 200 
200 35 200 116 200 44 200 200 175 200 
200 200 200 200 200 200 200 148 13 
105 121 200 200 200 65 200 200 
200 167 200 200 173 200 200 
200 200 200 95 200 14 
200 46 200 200 200 
18 200 177 200 
200 96 200 
200 200 
200 

