100 133
133 34 133 37 133 65 133 133 133 133 133 133 133 133 133 43 133 133 9 133 133 133 133 133 46 133 103 133 133 133 133 133 133 133 133 133 133 121 133 133 133 133 133 133 133 133 133 133 133 133 133 67 133 133 133 16 133 133 61 133 133 133 133 133 133 133 133 133 131 133 133 133 105 133 133 3 133 133 133 133 133 63 133 133 133 133 28 133 133 70 133 133 133 133 133 133 133 12 133 
133 133 0 133 133 36 133 89 133 27 133 133 73 133 133 133 27 133 58 133 133 133 133 133 133 133 133 133 133 133 133 133 133 122 133 133 133 133 133 133 133 133 133 133 133 133 133 133 133 133 133 133 133 133 133 133 133 133 133 133 133 133 133 65 133 133 133 133 133 133 133 133 92 133 133 133 131 133 133 133 133 133 78 133 133 133 6 104 86 133 31 133 133 133 83 35 133 133 
133 133 133 89 133 133 133 133 3 109 133 133 133 133 94 133 59 133 131 133 133 133 133 133 133 133 133 133 133 133 133 133 133 133 133 133 73 133 133 133 133 101 133 133 133 133 133 133 133 133 133 133 133 133 99 133 133 133 133 133 133 133 133 133 133 133 133 133 133 133 124 133 55 133 133 2 83 133 81 133 133 133 78 133 133 8 133 133 83 133 133 121 133 133 133 133 133 
105 77 133 133 16 75 18 63 133 133 133 133 133 133 89 133 57 133 133 133 133 133 133 133 133 133 102 133 133 133 54 133 133 133 133 133 133 133 133 133 133 133 133 133 133 133 133 133 133 133 133 133 133 133 133 133 133 133 133 133 133 133 133 50 133 133 109 133 133 133 133 133 133 133 133 7 133 133 133 133 133 133 133 133 111 133 133 65 133 125 133 133 92 82 133 133 
133 133 133 133 133 133 133 1 133 35 51 52 133 16 112 133 133 133 133 133 15 133 133 16 133 133 133 133 133 133 133 133 133 133 133 133 133 133 133 133 133 133 133 56 133 133 133 133 133 133 133 76 133 133 133 133 133 133 133 133 133 133 133 133 133 133 133 47 133 133 133 65 133 133 133 133 133 133 133 133 133 54 133 133 133 133 133 133 133 60 133 63 133 133 133 
16 133 89 19 133 133 64 133 133 133 84 133 133 78 105 133 133 15 133 133 133 133 133 133 133 133 133 85 133 133 133 133 133 133 133 133 133 133 133 133 56 133 2 133 133 133 133 133 133 133 133 133 133 133 133 133 133 128 133 133 133 133 133 133 133 133 133 133 133 133 133 133 133 133 133 133 25 133 133 133 133 8 133 133 133 25 133 133 133 116 16 133 133 114 
76 133 133 7 129 133 7 92 133 102 65 133 133 133 133 133 133 133 133 27 133 124 89 108 133 133 133 133 133 133 133 133 133 133 133 133 133 133 16 133 63 133 133 133 132 133 133 133 133 133 133 133 133 133 133 133 133 133 63 133 133 133 133 133 25 133 133 55 63 30 133 133 133 133 133 133 133 92 133 133 133 133 133 133 133 65 89 133 3 64 133 133 133 
133 23 133 102 133 133 133 133 133 133 133 133 133 13 133 64 133 98 133 133 92 133 133 133 116 133 133 133 133 133 82 133 133 133 133 80 133 133 99 133 133 133 133 133 133 133 3 133 92 133 133 133 133 133 133 133 133 133 133 133 133 133 133 133 133 133 133 133 27 133 15 133 133 133 133 133 133 133 133 133 133 133 133 133 133 133 133 133 89 133 133 68 
27 65 70 7 89 133 89 133 133 97 27 83 133 25 133 133 7 83 133 133 133 133 133 76 133 133 133 133 133 133 3 133 133 133 25 102 92 133 133 133 133 133 133 133 133 123 133 71 133 133 133 102 3 3 133 133 63 133 133 133 133 27 133 133 133 133 133 133 133 3 133 133 92 133 133 133 133 133 133 133 133 133 133 89 133 133 7 62 133 133 133 
66 133 133 133 4 133 133 133 133 54 133 128 133 133 133 133 133 133 92 133 133 133 133 133 133 96 133 133 133 133 133 133 133 133 133 133 133 133 133 133 133 133 133 133 102 133 133 124 133 133 133 133 133 133 133 133 133 133 61 133 133 133 133 133 133 133 83 133 133 133 133 133 133 133 133 133 133 133 133 133 133 133 133 133 133 133 133 133 9 41 
133 133 133 17 5 90 133 92 42 133 133 133 133 70 133 23 133 133 133 133 133 133 133 133 133 133 133 133 133 133 58 133 133 133 133 133 133 133 133 39 133 133 133 16 133 133 133 133 133 133 133 133 133 133 133 133 133 133 133 133 133 133 133 133 133 133 133 133 16 133 133 133 133 133 133 49 133 133 133 133 3 133 133 133 109 133 133 133 133 
133 76 133 65 133 133 133 16 133 133 133 133 133 133 133 133 19 89 133 133 133 133 133 27 133 133 133 25 133 133 133 133 133 92 133 133 133 133 92 133 133 133 133 133 133 102 133 133 133 133 133 133 8 133 133 25 133 133 89 133 25 133 60 133 133 133 133 133 133 133 133 133 133 133 133 133 25 133 16 133 133 7 133 133 45 133 133 83 
21 133 133 0 91 73 133 61 115 117 133 133 43 133 133 133 26 133 133 24 133 133 133 34 133 133 133 133 133 133 133 133 133 133 75 133 133 133 133 133 133 133 133 133 133 133 133 133 133 133 133 133 133 133 133 133 133 133 133 133 133 133 133 133 133 133 133 133 133 133 77 133 133 133 133 133 133 133 133 133 133 133 133 133 121 133 133 
133 31 95 133 133 133 133 133 133 133 133 53 133 125 133 80 133 30 133 133 133 133 133 133 133 133 133 133 133 133 133 133 133 133 133 133 133 133 133 133 133 133 133 133 133 133 133 133 133 133 133 133 133 133 133 133 133 133 133 133 133 133 133 133 133 133 133 133 133 56 133 133 133 133 133 126 133 16 133 22 103 133 133 118 8 4 
90 133 33 133 51 75 23 133 133 133 133 133 133 133 133 133 62 18 133 78 133 133 119 133 133 133 112 133 70 133 133 133 133 133 133 133 92 133 133 133 133 133 133 133 133 133 133 133 133 92 133 133 133 133 133 133 133 133 133 133 133 133 133 133 133 133 133 133 133 133 133 133 133 133 133 133 133 133 133 133 133 133 133 116 133 
133 133 7 133 133 84 95 133 133 133 133 133 133 133 133 133 133 133 133 133 133 68 94 133 110 53 133 133 133 133 133 133 133 38 133 133 133 133 133 133 133 69 133 133 133 133 133 133 133 133 133 133 133 133 133 133 133 133 133 133 133 133 133 133 133 133 133 133 133 133 133 133 24 133 133 133 133 133 133 133 133 133 133 77 
133 102 133 133 133 133 133 110 133 133 133 133 133 133 133 133 133 133 133 133 133 133 133 133 28 133 133 133 133 133 133 133 133 133 133 133 133 7 133 63 133 133 133 133 133 133 133 133 133 133 112 133 133 133 133 133 133 133 133 76 133 133 133 133 133 133 133 133 67 133 133 133 133 133 133 133 133 133 123 89 133 100 133 
27 133 50 133 133 133 80 133 133 133 133 118 27 133 133 133 12 133 133 133 133 133 133 46 133 133 133 133 133 133 133 133 133 133 133 133 92 133 133 133 133 133 133 110 133 133 7 133 133 8 133 133 92 133 133 133 7 133 63 20 133 133 133 133 133 133 133 25 133 133 133 133 133 133 133 133 133 133 133 133 133 133 
63 133 76 83 7 133 133 133 89 133 133 100 133 102 133 16 133 16 3 89 133 133 133 16 133 133 133 25 133 92 133 133 114 76 83 133 102 44 133 133 133 27 133 25 7 82 89 133 133 7 133 102 133 133 27 133 133 133 133 133 133 7 133 133 92 133 133 133 133 133 133 7 133 133 89 133 65 133 76 133 133 
133 133 133 133 133 133 6 76 133 133 133 133 133 133 133 133 133 133 133 133 133 133 133 133 20 133 133 133 133 133 133 133 133 133 89 133 133 133 15 133 133 133 133 133 133 133 133 133 133 133 133 133 133 133 133 49 63 133 133 133 133 133 133 133 133 133 133 133 133 133 133 133 133 133 133 133 133 133 132 133 
133 100 66 133 74 133 133 133 55 3 133 133 133 133 133 133 133 41 133 133 133 133 133 133 133 133 133 133 133 133 133 133 133 133 4 102 133 133 133 133 133 133 133 133 133 133 133 133 133 133 133 28 133 133 133 27 133 133 133 133 133 133 133 133 133 133 133 133 133 133 133 133 133 133 133 133 133 133 133 
38 133 133 133 133 133 89 133 133 133 59 133 56 133 133 133 133 133 133 133 133 133 133 133 4 133 133 99 133 133 133 133 3 133 133 133 133 133 133 133 133 133 133 133 133 133 133 133 133 133 133 133 133 133 133 133 133 92 133 133 133 133 133 133 133 133 133 133 133 133 133 133 133 133 83 133 133 65 
133 72 25 133 133 133 39 133 34 133 125 133 133 133 133 133 133 133 133 133 133 133 133 133 46 133 133 133 133 82 133 133 133 133 133 133 133 133 133 133 133 133 61 133 133 133 133 133 133 22 133 133 133 16 133 133 133 133 133 133 133 133 133 133 130 133 133 133 133 133 133 133 133 63 133 133 133 
133 33 129 133 7 133 25 112 133 133 132 133 133 133 133 106 133 133 133 110 133 124 133 133 133 133 133 133 133 133 133 133 89 133 133 84 133 133 39 133 89 133 133 133 133 133 133 130 133 133 133 133 89 133 133 133 133 133 133 133 133 133 133 133 133 133 133 133 133 133 133 133 133 133 133 119 
133 111 94 133 22 25 133 133 133 133 133 133 133 132 133 133 133 97 133 133 133 133 133 133 133 133 133 133 133 133 133 133 133 133 133 133 133 133 133 133 74 133 133 133 133 133 133 133 133 133 133 133 37 133 133 133 133 133 133 133 133 133 133 133 34 133 133 133 133 133 82 89 133 36 16 
133 78 133 133 133 13 85 133 133 133 14 133 133 133 133 133 32 122 133 133 133 133 133 133 133 133 133 133 133 133 133 133 133 133 133 133 133 133 133 133 133 133 133 133 133 133 133 133 133 133 133 133 133 133 133 133 133 133 133 133 133 133 133 133 133 133 133 133 109 133 133 133 1 133 
101 133 122 133 133 133 133 133 69 133 133 11 133 68 133 133 133 133 133 133 41 133 133 133 65 133 133 133 133 133 133 133 133 133 133 133 133 133 133 133 133 133 60 133 133 133 133 133 133 65 133 133 76 133 133 133 133 133 133 133 133 133 133 133 133 133 133 133 133 133 63 123 133 
25 133 63 133 133 133 133 61 133 133 133 4 124 133 133 133 23 133 133 133 21 133 133 27 133 133 133 133 133 133 133 133 133 133 133 5 133 133 133 133 133 133 133 133 133 116 133 133 133 133 133 133 133 133 133 133 133 133 133 133 133 133 133 133 133 133 133 133 133 133 133 133 
133 133 102 92 92 7 65 133 133 133 133 7 133 83 89 133 92 133 76 133 133 133 120 102 133 48 3 133 133 102 133 133 133 3 133 133 133 133 133 133 133 133 16 92 133 29 133 133 133 133 133 133 133 133 133 133 133 133 133 133 63 133 46 133 133 133 133 133 133 92 16 
133 133 133 133 133 133 133 4 133 133 133 133 133 133 120 133 133 133 50 133 133 133 133 133 133 133 133 109 133 133 133 133 133 133 133 133 91 133 133 133 133 133 133 133 7 133 133 133 133 25 133 133 25 133 133 133 133 133 133 133 133 133 27 133 46 133 133 133 133 133 
133 133 89 76 3 83 65 63 3 27 76 133 7 133 92 133 133 133 16 102 133 63 133 133 133 133 133 89 133 133 65 133 133 26 133 133 92 3 133 133 133 133 133 133 133 36 3 133 133 133 133 133 25 16 133 133 133 133 25 133 133 133 133 133 133 11 133 133 133 
133 133 7 133 133 76 133 133 88 99 133 133 133 117 133 133 133 133 133 133 28 133 133 72 133 133 133 133 133 100 133 133 133 133 133 133 133 133 133 133 133 133 133 122 133 133 133 133 133 133 133 133 133 133 133 133 133 133 133 133 133 61 133 133 3 133 133 133 
47 133 133 133 133 133 133 0 133 133 133 133 31 133 133 133 1 133 133 133 133 83 133 133 30 133 133 133 133 133 15 133 133 133 133 133 133 133 133 133 133 133 133 83 133 133 133 133 133 133 133 133 133 133 133 133 133 133 65 133 133 133 133 133 56 133 133 
29 6 133 40 25 133 133 133 133 133 133 131 133 133 133 133 133 133 37 8 133 133 3 133 133 133 133 133 133 133 133 133 93 133 133 86 133 133 133 133 133 133 133 133 16 133 133 133 133 133 133 133 133 133 133 133 133 133 120 133 133 133 133 133 133 133 
133 3 133 133 133 133 43 133 133 14 22 133 133 133 133 133 133 133 133 133 133 133 133 97 133 133 133 133 133 133 133 133 133 133 133 133 93 133 133 133 133 133 133 133 133 133 133 133 133 133 133 133 100 133 133 133 65 133 133 133 133 133 133 133 133 
78 133 133 133 133 133 50 133 133 39 115 133 66 133 133 133 133 133 89 133 133 117 133 133 133 133 133 133 133 133 133 133 133 133 133 133 133 133 133 133 133 133 133 133 133 133 133 133 133 133 133 77 133 133 133 133 133 133 133 133 7 133 133 133 
133 35 114 133 133 133 133 133 85 39 133 133 57 133 133 133 107 133 58 133 133 133 66 133 133 133 133 133 127 133 133 133 133 133 133 133 133 133 133 133 133 133 133 133 133 133 133 133 133 133 133 133 133 133 133 19 133 133 103 133 133 133 133 
133 90 133 19 133 133 133 133 133 133 17 133 93 133 133 31 3 133 133 133 133 133 96 59 56 133 133 133 133 133 133 133 133 133 133 133 133 133 89 133 5 133 133 133 133 133 133 133 133 133 133 133 133 133 133 133 133 133 133 133 133 133 
133 129 133 12 133 133 133 133 133 133 133 133 133 133 133 133 32 133 133 133 133 133 133 133 64 133 133 133 133 133 133 133 45 133 133 133 133 133 133 133 133 133 133 133 133 133 133 133 104 133 133 133 76 133 133 133 133 133 133 133 133 
133 54 133 133 39 133 32 133 78 133 133 133 29 133 27 133 133 102 133 11 133 133 133 133 65 133 133 133 133 133 133 133 133 133 133 133 133 133 133 65 133 133 133 133 133 133 133 133 133 21 133 133 133 133 133 133 133 133 133 133 
133 44 92 133 133 85 23 133 116 133 16 133 133 133 133 133 133 133 133 133 24 133 133 133 97 133 133 133 133 133 133 133 133 133 133 133 133 133 133 133 133 133 133 133 77 133 133 133 133 133 133 133 133 133 133 133 133 133 133 
57 133 79 133 133 133 133 25 84 133 108 17 133 133 25 133 133 133 51 133 133 133 133 133 133 133 133 133 133 133 133 133 133 133 133 133 133 133 133 133 133 133 133 133 133 133 133 133 133 133 133 133 133 133 133 133 133 133 
88 133 13 133 52 133 24 18 133 133 133 133 21 63 133 133 68 133 133 26 133 133 133 133 133 133 133 133 133 133 133 133 133 133 133 133 133 133 133 133 133 133 133 133 133 133 133 133 133 133 133 133 133 133 133 133 133 
59 133 103 61 133 133 47 102 133 133 133 133 133 133 133 133 133 133 133 133 133 133 113 133 133 133 133 133 133 133 133 133 89 133 133 133 133 133 3 133 133 133 71 133 133 133 133 133 133 133 133 133 133 133 133 133 
133 133 84 133 18 133 16 124 28 25 133 133 133 133 133 133 133 133 133 133 133 133 133 41 133 133 133 133 133 133 133 25 103 133 133 133 133 133 133 133 133 133 133 133 133 133 133 133 133 133 133 133 133 133 133 
34 133 133 133 133 133 21 25 133 133 133 133 54 133 133 133 133 133 133 133 133 133 133 133 133 133 133 63 133 133 7 133 133 133 133 133 7 133 133 133 133 133 133 133 133 133 133 133 133 133 133 72 133 133 
133 38 94 97 133 69 58 133 133 133 133 133 133 133 133 0 133 133 133 133 133 133 133 81 133 133 133 133 133 133 133 133 133 133 133 133 133 133 133 133 133 133 133 133 133 133 133 133 133 133 133 133 133 
133 133 133 63 133 133 25 133 133 133 45 133 133 133 133 133 133 80 133 133 133 133 133 133 133 133 133 133 65 133 123 3 133 133 133 133 133 48 133 133 133 133 133 133 133 133 133 133 7 133 133 133 
133 85 7 133 133 3 127 102 133 133 102 133 133 133 133 27 133 133 133 133 133 133 133 133 133 133 133 133 133 133 133 133 75 133 133 133 133 133 133 133 133 133 133 133 133 133 133 133 133 133 130 
133 133 133 65 133 133 63 133 4 133 133 2 133 133 133 133 133 133 133 133 133 133 133 133 133 133 133 133 44 133 133 133 16 133 107 133 133 133 133 133 133 133 133 133 133 133 133 42 133 133 
133 133 133 3 133 63 107 10 67 133 133 133 133 133 133 22 133 133 133 133 133 133 133 133 133 65 133 133 133 133 133 133 133 90 133 133 133 133 133 133 133 133 133 133 133 133 133 133 133 
89 3 14 83 133 133 133 76 133 133 133 89 2 133 83 102 133 133 133 133 133 133 133 133 133 65 133 133 133 25 133 133 133 133 133 133 133 133 133 133 133 133 133 133 133 133 133 133 
133 3 133 133 33 133 133 133 133 133 133 133 133 133 133 133 133 133 133 133 133 133 95 76 133 133 133 133 133 25 133 133 133 133 133 133 133 133 133 133 133 133 133 76 133 133 133 
16 133 76 133 133 133 133 75 133 133 133 133 133 133 133 81 128 133 133 133 133 133 133 133 133 92 133 133 133 133 133 133 133 133 133 133 133 133 133 133 133 54 133 133 133 133 
7 67 133 133 16 16 76 16 133 133 83 25 89 76 133 83 25 102 92 133 3 133 133 133 95 133 65 133 133 3 133 133 133 133 133 76 114 133 133 102 133 133 133 133 83 
133 133 133 133 133 133 133 133 133 133 133 62 133 133 133 133 120 133 133 8 133 133 133 133 37 133 133 115 133 133 133 133 70 49 133 133 133 133 133 133 133 133 133 133 
27 133 3 63 133 7 27 133 25 133 133 133 133 133 133 3 65 98 133 133 133 133 133 16 65 81 63 133 133 133 133 133 133 133 133 133 133 89 65 28 133 133 133 
11 37 133 133 133 96 7 133 89 133 133 133 133 61 133 133 16 133 133 133 133 133 133 133 133 133 133 133 133 133 133 133 133 133 133 133 133 133 133 133 133 133 
133 133 46 133 133 92 133 129 133 120 24 133 133 133 133 92 72 133 133 133 133 133 133 133 133 14 104 133 133 133 133 133 133 133 133 133 133 133 133 133 133 
133 133 133 133 133 133 23 133 133 121 63 133 133 133 133 133 133 133 133 102 72 133 133 133 133 133 133 133 133 9 133 133 133 133 120 133 133 133 133 133 
133 133 48 133 133 80 133 65 42 94 133 133 133 20 103 133 133 90 7 10 133 16 133 133 133 106 133 133 133 133 133 133 133 133 133 133 133 133 79 
133 23 92 99 133 133 133 133 9 133 133 133 133 133 133 133 133 133 133 133 92 4 133 133 133 133 133 133 133 133 133 6 133 133 25 133 133 133 
133 133 133 54 69 133 133 133 126 133 133 76 117 133 133 133 133 120 133 133 133 133 18 133 133 105 133 94 133 133 133 133 133 133 133 133 133 
133 133 133 133 133 52 133 133 133 53 16 133 133 133 133 133 133 133 3 133 121 133 133 133 133 133 133 133 119 110 133 133 133 133 133 133 
7 92 16 3 133 133 133 133 16 117 133 133 89 133 133 63 133 71 133 133 133 76 133 133 83 133 133 133 25 133 133 133 133 89 133 
133 37 133 133 133 133 25 5 65 133 133 133 104 133 133 86 133 133 133 133 133 133 133 133 133 133 10 133 133 133 133 133 133 133 
133 133 133 133 133 133 56 16 133 16 133 133 27 126 133 133 133 133 133 133 133 10 133 133 133 133 133 133 133 133 133 133 133 
22 114 133 133 133 133 133 133 133 133 133 133 133 133 133 6 133 133 133 133 133 12 133 133 99 67 133 133 133 133 133 133 
122 87 88 118 66 133 67 133 133 11 76 36 133 133 133 133 133 133 60 133 133 133 3 133 133 133 133 133 133 133 133 
133 77 133 133 133 133 63 111 133 133 133 133 3 133 35 95 133 133 133 133 133 133 133 133 133 31 133 133 133 133 
11 12 133 133 30 133 83 133 133 133 133 133 133 133 133 133 45 133 133 22 133 133 133 133 133 133 133 133 133 
133 78 133 133 3 87 133 133 133 2 89 133 133 133 65 133 133 133 133 133 133 117 133 133 133 133 133 133 
101 133 133 133 5 133 133 35 89 133 76 133 133 9 133 133 133 133 133 133 133 133 33 133 133 133 133 
76 44 133 133 133 133 133 133 133 133 133 133 133 133 98 133 133 133 133 133 133 133 133 133 133 133 
63 133 7 3 127 133 133 129 133 133 133 102 133 27 133 133 111 133 133 133 133 133 133 133 133 
133 133 133 63 133 87 102 133 133 133 133 133 16 133 133 27 133 133 133 133 133 133 133 133 
133 3 75 133 27 70 133 65 7 89 133 133 133 25 133 102 133 133 133 133 7 133 133 
61 76 118 133 133 133 101 133 96 119 133 133 133 133 133 133 133 133 133 133 133 133 
133 86 133 27 133 133 133 133 40 0 133 133 133 133 133 133 133 133 9 133 133 
133 63 114 65 133 133 3 102 133 133 133 24 92 133 7 92 133 133 133 3 
133 133 133 133 49 40 133 133 133 133 133 133 70 133 133 27 109 133 133 
83 3 133 122 133 133 133 1 44 133 133 133 133 133 27 133 66 133 
76 133 25 133 133 92 133 63 47 133 76 92 76 133 133 133 7 
133 19 125 133 133 99 133 133 52 133 91 133 92 133 124 133 
133 133 122 133 133 47 27 133 32 105 49 133 133 133 133 
133 105 133 11 133 133 133 119 133 133 89 133 133 133 
14 75 133 133 133 113 133 110 133 133 133 133 133 
133 133 19 3 80 133 133 133 133 133 133 133 
14 133 102 133 133 133 133 133 48 133 133 
127 133 40 133 133 133 83 133 26 133 
63 110 133 38 126 133 133 133 40 
76 133 76 7 10 3 133 133 
133 133 133 133 133 133 133 
133 133 133 108 133 59 
133 89 133 29 33 
83 133 87 133 
133 27 133 
133 93 
133 

