100 83
8 83 83 65 83 40 74 83 70 83 83 83 83 83 83 83 60 83 83 83 83 62 83 83 83 26 83 83 83 83 36 83 83 83 83 83 83 83 83 83 83 83 83 83 83 83 83 83 83 83 83 83 83 83 83 83 83 63 83 83 83 83 83 83 83 83 55 83 83 83 83 83 83 83 83 34 83 83 83 11 83 49 83 3 83 83 83 22 83 83 83 83 83 83 78 49 83 83 58 
83 37 68 83 83 83 55 83 83 18 71 83 83 15 83 35 83 83 83 83 83 83 83 61 69 83 83 83 83 83 83 83 83 83 83 83 83 83 83 83 83 83 4 83 83 83 83 83 83 83 83 83 83 83 83 83 38 83 83 83 83 83 83 83 83 83 83 52 83 83 83 82 83 83 83 83 83 83 83 83 83 83 83 0 83 83 83 83 83 83 83 83 83 24 83 49 83 40 
83 83 83 35 49 83 52 83 33 83 83 44 83 18 83 83 83 28 83 83 83 83 83 69 83 83 83 83 83 83 83 83 83 83 83 83 83 83 83 83 83 83 83 83 83 68 83 83 83 83 83 83 83 83 83 83 83 83 83 83 83 83 83 83 83 83 83 83 83 83 26 83 83 83 83 83 83 83 83 83 83 83 83 65 83 83 83 83 38 59 57 15 27 82 83 7 83 
2 83 83 83 83 57 83 51 83 46 83 83 83 83 83 83 83 83 83 6 83 83 63 27 83 83 83 83 4 83 83 83 83 64 83 83 83 83 72 5 83 83 83 83 83 83 83 83 83 83 83 83 83 83 83 83 83 83 83 83 83 82 83 83 83 83 83 80 83 83 83 83 83 83 83 83 83 83 83 28 83 83 83 83 83 83 48 83 83 83 83 83 83 36 71 83 
83 83 83 83 72 83 30 52 83 83 62 56 73 83 83 83 83 83 83 83 75 83 83 83 83 83 83 83 83 83 83 83 83 77 83 83 83 83 83 83 83 83 83 83 83 83 83 83 83 83 83 83 83 83 83 83 83 83 83 83 83 83 83 28 83 83 83 83 26 83 83 82 83 83 83 83 83 83 83 83 83 83 83 31 83 83 83 83 46 83 83 21 83 41 83 
9 20 83 25 83 83 83 83 83 40 83 83 83 83 83 83 83 83 83 83 80 83 82 83 83 83 83 83 83 83 83 83 83 44 83 83 83 83 83 83 83 83 83 83 43 83 83 83 78 83 49 83 83 28 83 83 62 83 83 83 83 83 83 83 83 83 83 26 83 83 83 83 83 83 83 83 83 83 83 58 83 83 83 83 83 76 83 83 23 83 69 83 0 83 
53 50 41 83 83 83 83 83 83 83 5 83 83 83 83 83 83 83 83 83 34 83 83 83 83 83 83 83 59 83 83 83 83 83 83 83 83 83 83 83 83 81 83 83 83 83 83 83 83 83 83 83 83 83 83 83 83 83 83 83 83 36 83 83 83 11 83 83 83 21 83 83 83 83 83 6 83 83 83 83 83 83 83 19 83 83 37 24 83 83 83 83 1 
83 83 83 25 83 30 83 83 83 16 83 4 83 83 83 83 31 83 80 83 83 83 83 83 83 83 65 83 73 83 83 83 83 83 83 83 83 83 83 83 83 83 72 83 83 83 83 83 83 83 83 83 83 83 83 83 83 83 83 83 83 83 83 3 83 83 83 83 83 63 83 83 83 83 83 83 13 83 12 83 83 83 83 83 83 83 83 83 69 83 83 83 
83 2 83 83 83 83 83 73 83 83 3 83 83 83 83 83 83 83 64 83 83 83 83 83 83 46 75 32 83 83 83 83 83 83 83 83 83 83 83 83 83 83 83 83 83 83 53 83 83 83 83 83 83 83 83 83 83 83 83 83 83 83 83 83 83 83 83 83 83 83 83 83 83 28 69 71 83 83 83 74 83 83 51 83 83 83 83 83 26 66 83 
83 54 47 38 83 35 83 83 83 80 83 83 83 83 83 83 83 83 83 83 83 80 83 83 83 83 83 83 83 36 83 66 83 83 83 83 83 83 83 83 83 83 83 83 83 83 83 83 83 83 83 83 83 83 3 83 83 83 83 83 83 83 83 83 83 83 83 83 83 83 83 83 83 83 83 83 83 83 12 83 83 83 83 7 83 83 83 69 83 83 
58 24 25 83 83 83 83 80 83 83 9 83 83 83 83 63 68 83 77 79 83 83 83 83 32 83 83 83 83 61 83 83 83 83 83 83 83 83 83 47 83 83 83 8 83 83 83 83 83 83 83 83 83 83 83 83 83 83 83 83 83 83 83 83 83 83 21 83 83 83 83 83 26 83 83 83 83 83 69 83 83 83 83 83 83 83 83 83 52 
83 83 13 1 83 83 83 83 83 78 83 83 56 71 83 11 83 83 83 83 83 9 83 83 83 83 83 5 83 83 83 83 83 83 83 83 83 83 83 83 83 83 83 83 83 83 83 83 83 83 83 83 83 83 83 83 83 83 83 83 83 83 83 83 83 83 83 83 83 83 83 26 83 83 20 83 83 6 83 83 83 83 83 83 83 83 83 83 
66 83 83 83 45 83 74 83 83 69 83 83 83 83 83 31 83 83 83 83 83 39 83 83 83 17 83 83 83 83 83 83 48 83 83 83 83 83 83 83 83 83 83 83 83 83 83 83 83 83 83 83 83 83 83 83 83 83 83 83 3 83 83 83 83 83 80 83 83 83 83 83 83 83 83 83 83 83 7 83 83 83 83 83 83 54 23 
83 73 83 83 83 83 82 16 21 83 83 83 83 83 83 83 83 83 53 76 83 83 83 83 83 83 49 83 83 83 83 77 83 83 83 83 83 83 83 34 83 83 6 83 83 83 83 29 83 83 83 83 83 83 83 83 83 83 83 83 83 83 83 83 83 83 83 83 83 83 83 83 83 83 83 83 83 83 50 83 83 10 83 83 83 83 
83 43 83 80 37 69 31 83 83 83 51 83 83 83 83 55 83 83 35 83 83 83 83 83 83 83 83 83 83 83 83 83 83 83 83 83 11 80 83 83 83 83 83 83 83 83 83 83 83 83 83 83 83 83 83 66 83 83 83 83 83 83 83 83 54 83 83 83 21 83 83 83 83 46 83 83 83 76 75 83 83 83 49 83 83 
83 30 83 83 36 83 83 55 43 83 83 83 49 83 83 83 83 83 83 83 83 83 83 83 83 83 83 83 29 83 83 83 83 83 83 83 83 83 83 83 83 36 83 69 83 83 83 83 83 83 83 83 83 83 83 26 83 83 83 83 83 83 83 83 83 83 83 26 83 83 83 83 83 83 71 83 83 83 41 83 83 83 70 83 
83 26 83 83 83 83 83 12 83 83 59 74 41 83 83 83 83 83 83 83 83 83 83 83 83 83 83 83 83 83 83 38 25 83 83 83 33 83 83 83 83 83 83 83 83 83 83 83 83 83 83 83 83 83 83 83 82 83 83 83 83 76 83 83 67 83 21 83 83 83 83 83 83 83 83 83 47 83 83 83 21 83 83 
83 83 83 83 69 83 36 83 6 22 83 83 83 83 19 83 83 83 83 83 50 83 26 83 83 83 83 83 83 83 83 83 83 83 26 83 83 83 83 83 83 83 83 83 83 83 83 80 83 83 83 83 83 83 83 83 83 83 83 56 83 83 83 83 83 83 83 57 83 83 83 83 83 83 83 83 83 83 83 83 83 10 
36 83 83 60 63 83 83 78 83 83 21 83 23 63 26 83 83 83 83 83 83 83 83 83 83 82 83 83 36 6 83 83 62 83 83 83 83 83 83 83 83 83 3 54 83 83 83 62 83 83 83 62 83 83 15 83 28 83 83 83 83 83 83 83 83 69 83 83 83 83 83 83 83 83 83 83 83 51 83 83 83 
69 81 83 83 83 83 6 83 83 83 83 83 83 83 11 10 83 83 83 66 83 6 17 83 39 83 83 83 83 83 83 83 83 83 83 83 63 83 83 83 83 83 83 83 83 69 83 83 83 83 83 83 27 83 83 83 83 83 83 13 83 83 83 63 83 83 83 83 83 83 83 83 83 83 83 83 83 83 83 83 
83 83 83 28 80 76 83 3 83 69 44 83 83 28 83 21 63 83 83 83 83 6 69 83 26 69 6 28 4 82 83 83 83 83 69 83 83 83 23 83 83 83 36 48 83 83 83 83 21 49 78 83 71 83 83 4 83 83 83 63 83 39 83 28 83 83 83 83 83 82 83 83 83 21 83 83 83 83 21 
83 83 83 38 62 7 21 83 11 49 83 70 51 83 83 83 83 12 83 61 83 52 83 83 83 83 83 83 83 83 83 83 77 83 83 83 83 83 83 83 83 83 83 83 83 83 82 83 83 83 83 83 83 83 83 83 83 83 83 83 83 83 83 83 83 83 83 83 83 83 83 83 83 83 83 83 83 83 
83 83 83 16 21 83 69 6 83 83 6 69 83 83 36 69 83 83 83 83 83 83 36 83 83 83 36 83 62 83 83 83 83 41 83 83 30 83 83 24 83 14 83 83 83 2 83 83 83 83 83 83 83 26 69 83 83 83 83 83 83 28 83 82 49 83 83 83 83 83 83 83 83 83 15 83 83 
37 83 28 83 83 12 36 83 83 83 83 70 83 71 11 83 83 83 83 83 83 83 83 83 83 83 83 83 83 83 83 83 83 34 83 83 83 83 83 83 83 83 83 83 83 83 83 83 83 63 83 46 83 83 83 83 7 83 62 83 83 83 83 83 83 21 83 83 83 83 83 30 83 49 83 21 
83 83 83 61 83 15 83 83 83 83 83 83 83 83 83 83 83 83 83 83 60 78 83 63 83 35 83 83 83 83 83 83 83 83 83 83 83 83 83 83 83 54 83 83 83 83 83 83 83 83 83 83 83 83 83 83 83 83 49 83 83 83 17 83 83 83 83 42 83 83 83 83 83 83 83 
6 83 0 83 46 83 83 83 83 83 50 83 83 83 29 83 83 40 83 17 83 83 83 83 83 83 83 83 83 83 83 83 83 83 83 83 83 83 83 83 67 83 69 35 83 83 83 83 83 83 83 83 83 83 83 83 21 69 83 83 83 83 83 83 83 83 83 83 83 45 83 83 83 83 
80 63 62 21 83 83 62 21 83 83 6 83 83 83 83 83 83 83 83 82 83 83 83 26 69 83 80 28 3 83 83 21 39 83 63 59 83 83 83 83 6 83 83 83 83 83 83 83 83 83 83 83 83 62 83 83 70 26 83 83 83 83 83 83 26 83 83 83 83 83 77 83 83 
8 83 83 28 12 83 83 69 83 83 83 83 83 83 83 83 83 83 83 83 48 83 83 83 36 83 83 83 83 83 83 83 67 83 83 83 83 83 83 83 83 83 83 83 83 83 83 83 83 83 83 83 83 83 83 83 83 83 36 83 83 83 83 83 83 83 83 83 83 83 83 83 
83 83 83 83 83 69 83 83 60 51 83 83 83 83 83 83 83 83 83 83 83 9 83 83 83 83 83 83 83 83 83 83 83 83 83 83 83 5 83 83 83 83 83 83 83 83 83 83 83 83 83 83 83 83 83 83 83 83 83 83 83 83 83 83 83 13 83 6 83 83 83 
80 63 83 51 83 73 33 48 8 83 83 83 83 83 83 83 23 83 83 83 83 83 83 83 83 83 21 83 62 83 83 31 36 83 83 83 83 83 83 83 83 83 83 83 83 83 83 83 83 83 83 57 83 83 83 83 83 83 83 83 83 83 83 83 83 83 83 83 83 83 
83 83 83 83 16 34 83 26 9 83 25 83 83 83 83 83 83 83 83 83 59 83 83 83 83 83 83 83 83 83 83 21 83 83 83 83 83 83 83 83 83 20 83 83 83 83 83 83 83 83 83 83 83 83 83 83 83 83 83 83 83 83 83 83 83 83 83 83 83 
80 83 80 83 83 83 6 26 83 26 26 80 83 63 83 83 83 80 83 83 5 83 21 83 40 83 82 14 83 83 83 83 83 30 83 36 83 83 83 47 83 83 83 83 21 83 83 83 83 83 83 83 83 83 83 83 80 83 83 83 83 3 83 83 83 83 83 49 
83 83 83 83 28 83 83 5 77 83 83 31 82 29 83 83 83 14 42 28 83 65 41 83 83 83 83 83 83 83 83 83 83 83 83 83 83 83 83 83 83 83 83 83 83 83 83 83 83 83 83 83 83 83 83 83 3 83 83 83 83 83 83 83 83 83 83 
83 83 83 83 83 83 83 74 22 27 83 83 83 83 33 12 83 83 3 62 83 83 6 83 83 83 83 83 83 83 82 83 83 83 83 83 83 83 83 83 83 83 83 83 83 83 83 83 83 83 83 83 83 83 8 83 83 45 83 83 83 83 83 83 83 83 
24 83 83 83 67 83 83 44 83 83 83 83 83 83 83 37 83 83 83 83 30 63 83 83 83 83 83 83 83 83 83 83 83 83 19 83 83 83 83 83 83 83 83 83 83 83 10 83 83 83 83 83 83 83 83 83 83 83 83 83 83 83 83 83 83 
83 83 74 83 40 83 83 83 83 83 34 83 67 44 83 83 36 83 83 78 83 83 83 83 83 83 36 83 83 83 83 83 83 83 83 83 83 83 83 83 83 83 83 83 83 83 83 83 83 45 83 83 83 83 83 83 83 83 83 83 83 83 83 83 
83 54 83 83 83 13 83 83 83 27 83 16 83 83 83 83 83 83 83 83 1 83 83 79 10 83 83 83 28 83 72 83 83 83 83 83 83 83 83 83 83 83 83 83 83 83 83 83 83 83 83 37 36 83 83 83 83 83 83 83 83 83 83 
52 83 83 83 74 16 62 83 59 83 83 83 83 83 6 83 27 83 83 67 83 83 83 83 83 83 26 83 68 83 83 83 83 83 83 83 83 83 83 83 83 83 83 83 83 83 83 83 83 83 83 83 83 83 83 83 83 83 83 83 83 83 
83 83 18 83 83 2 83 83 83 83 83 40 67 83 83 83 83 69 83 83 83 83 83 83 83 83 83 83 83 83 83 83 83 83 83 83 83 83 83 83 83 83 22 83 26 83 83 83 83 83 83 83 83 83 83 83 83 83 83 83 83 
83 1 83 83 17 83 83 83 14 83 83 83 21 83 83 46 49 31 83 83 83 83 83 83 83 83 83 82 80 83 83 80 83 83 83 83 83 83 83 83 83 83 83 83 83 83 83 83 83 83 83 83 83 83 83 83 83 83 83 83 
75 83 56 83 42 43 24 83 4 22 83 6 83 83 83 83 83 83 21 83 17 62 83 83 83 83 83 83 83 83 83 83 83 83 83 83 83 83 83 83 83 83 83 83 83 83 83 83 83 83 83 83 83 83 83 83 83 83 83 
83 83 83 56 0 83 83 83 83 83 83 35 83 83 83 83 83 83 83 83 83 10 83 83 83 83 83 83 83 83 83 3 83 83 83 83 83 83 83 83 83 6 83 83 83 83 83 83 83 42 83 83 83 79 83 83 83 83 
83 23 83 83 83 83 83 48 52 26 64 83 83 28 83 83 83 83 41 36 83 83 83 83 83 83 83 83 83 19 83 83 83 83 83 83 83 83 83 83 83 83 83 83 79 83 83 83 83 83 83 83 83 83 83 83 83 
65 83 83 83 83 1 2 35 6 83 83 83 63 83 83 83 83 83 83 83 83 80 23 83 82 83 83 83 83 36 83 83 83 83 83 83 83 83 83 83 83 83 83 83 83 83 83 83 83 83 83 83 83 83 83 83 
40 83 83 83 83 83 83 83 83 83 32 83 83 83 83 54 83 83 83 83 69 83 83 83 83 83 83 83 83 83 83 83 83 83 83 83 83 83 83 44 83 83 83 83 83 73 83 83 83 83 83 83 83 83 55 
83 9 62 14 83 83 83 83 83 83 83 83 83 83 83 83 49 83 83 83 83 83 83 83 83 83 83 83 83 83 83 83 83 83 66 83 83 83 83 83 83 83 83 83 83 83 83 83 83 83 83 80 83 83 
65 83 83 83 60 83 83 83 83 83 83 50 80 83 83 83 83 80 83 55 83 82 83 83 83 83 83 83 83 83 83 83 83 83 83 83 83 83 83 83 71 83 83 83 83 83 83 83 83 83 83 83 32 
83 31 41 83 82 83 38 83 83 83 33 69 83 83 83 62 83 28 83 83 83 83 83 83 83 83 83 83 79 40 83 46 83 83 83 21 83 83 83 83 83 83 83 83 83 83 83 83 83 83 83 83 
83 83 20 83 83 83 83 28 83 64 83 83 83 83 71 83 83 75 83 83 83 83 26 83 83 83 83 83 83 83 83 83 83 83 83 83 83 83 83 83 83 83 83 83 83 83 83 83 83 83 83 
83 83 83 83 81 83 83 83 83 28 83 83 83 64 83 83 43 2 83 83 83 83 83 83 83 83 83 83 83 73 83 83 28 83 83 83 83 83 83 83 83 83 78 83 83 83 83 83 83 83 
83 3 83 83 83 83 83 83 83 83 83 82 83 83 83 83 83 83 83 15 83 83 83 83 83 83 83 83 83 83 83 83 83 83 83 83 83 83 83 83 83 83 83 83 83 83 28 83 83 
82 83 83 83 3 49 83 83 83 83 26 83 83 83 83 83 83 83 83 83 70 83 83 0 83 83 83 83 83 7 83 83 83 83 83 83 83 83 83 83 83 83 83 83 83 83 83 83 
63 21 83 83 3 36 42 82 62 83 3 27 14 83 83 58 83 83 83 83 75 83 83 83 82 3 83 83 83 83 83 83 83 83 83 83 83 3 83 83 83 83 83 83 83 36 49 
19 23 26 9 83 83 77 83 83 1 83 63 83 78 83 83 24 83 83 83 83 83 83 83 30 83 83 83 83 82 83 83 83 83 83 83 83 83 83 83 83 83 83 83 83 83 
13 49 83 83 83 83 83 83 83 83 49 83 5 83 83 83 83 83 80 83 6 83 83 83 76 83 83 83 83 83 83 83 83 83 83 83 83 53 83 83 83 83 83 83 83 
83 57 83 83 48 33 83 83 83 83 83 83 83 83 83 83 83 36 83 58 83 83 83 83 83 83 69 83 83 7 83 83 83 83 83 83 83 83 83 83 83 49 83 83 
26 82 83 83 28 14 83 30 83 83 83 54 83 83 83 82 83 83 26 83 82 83 21 82 83 83 83 6 83 83 83 83 23 83 83 62 83 83 83 58 83 6 83 
83 83 11 83 83 83 83 83 83 17 83 75 83 83 72 69 70 83 83 83 83 83 81 83 83 83 83 83 83 83 83 83 83 83 83 83 83 83 83 83 83 83 
69 83 83 3 83 83 6 83 1 82 49 83 83 83 83 83 83 73 83 83 83 83 65 83 83 83 83 83 83 83 83 30 83 83 83 83 83 83 83 83 83 
6 83 83 83 9 13 83 83 83 82 83 19 83 83 21 83 63 83 83 36 83 83 83 29 83 28 83 83 28 83 83 83 83 63 83 83 83 83 83 83 
74 83 83 83 6 30 83 83 83 83 83 83 83 47 60 20 83 83 5 83 83 83 83 83 83 83 83 83 83 83 83 83 0 83 83 26 21 83 83 
3 28 83 36 37 83 26 83 83 62 61 83 14 83 83 83 83 83 83 83 83 83 83 83 83 83 83 83 83 68 83 83 83 83 83 83 83 83 
83 81 83 49 83 72 83 63 52 83 83 3 83 83 83 83 83 83 83 83 83 83 83 83 83 83 17 83 63 83 83 83 83 83 13 83 83 
21 83 32 11 49 0 83 83 83 80 40 83 83 83 83 83 83 83 83 26 83 83 83 12 83 80 83 83 83 83 83 83 83 83 83 83 
83 83 83 83 83 3 83 83 83 3 83 83 83 36 26 62 62 10 83 69 83 83 6 83 83 83 83 83 83 36 83 25 83 83 83 
83 83 51 28 83 42 28 83 26 83 83 83 28 83 83 28 83 83 36 82 83 83 83 32 83 83 62 83 83 83 8 83 83 83 
83 6 14 83 83 83 83 83 83 83 83 83 83 83 34 83 83 83 83 83 83 83 83 83 83 83 83 83 83 83 21 83 83 
83 83 83 6 83 83 83 83 83 33 18 83 83 83 83 80 28 83 83 7 83 83 83 83 83 83 45 83 83 83 83 83 
26 80 83 36 83 83 83 83 83 83 83 49 6 43 67 83 83 83 83 21 83 83 83 21 83 83 6 83 22 83 83 
45 83 83 69 16 57 83 83 83 83 83 83 83 83 56 83 83 83 83 6 83 83 83 83 83 83 83 83 83 83 
21 83 83 50 83 83 83 0 83 83 36 83 28 83 9 33 83 83 83 83 83 83 83 83 83 83 21 83 76 
6 2 83 83 83 83 80 69 80 83 83 83 63 83 83 83 83 55 83 49 83 83 83 83 83 30 83 63 
83 83 47 83 83 83 83 53 21 83 83 83 83 83 83 83 83 75 10 63 83 83 83 83 83 83 83 
83 83 80 3 83 49 69 83 67 83 28 83 83 83 83 83 36 62 82 83 26 83 55 83 62 83 
72 83 20 83 83 83 83 83 83 83 8 83 82 83 83 83 83 39 83 83 19 62 6 83 83 
83 42 83 83 15 4 21 83 83 83 38 81 83 83 83 83 68 83 83 83 83 83 83 83 
83 22 83 83 76 80 83 43 83 83 83 45 83 83 83 83 28 18 50 83 83 35 83 
55 83 25 83 83 83 83 83 35 83 83 83 18 2 83 83 47 83 83 83 8 83 
17 83 83 36 83 83 1 16 56 83 83 83 83 83 72 83 49 83 83 83 83 
83 83 83 3 83 44 11 83 83 83 83 37 83 83 83 83 83 26 83 83 
83 83 83 38 83 83 83 83 83 57 83 83 76 83 83 28 83 83 83 
63 83 52 83 42 62 83 83 83 83 83 83 83 83 83 83 83 83 
83 83 49 83 6 83 64 83 83 21 69 6 26 7 61 28 83 
62 49 80 26 69 83 83 83 21 83 49 28 83 59 83 18 
83 83 83 83 82 83 83 82 61 83 83 83 83 83 83 
83 83 83 83 29 19 83 79 83 81 83 83 83 68 
22 39 62 69 83 64 83 83 83 80 36 83 83 
47 28 11 83 29 83 83 83 83 83 83 83 
83 83 26 44 4 83 83 83 83 83 83 
3 83 26 63 63 83 37 83 83 83 
83 83 83 52 53 83 83 16 83 
83 20 83 83 36 83 83 83 
83 83 83 83 83 83 71 
83 83 83 83 83 83 
83 83 82 32 83 
83 83 39 60 
83 83 83 
49 26 
83 

