100 150
150 25 119 150 103 150 150 142 136 150 150 130 105 150 125 65 94 6 150 150 150 150 150 150 150 150 150 58 150 98 150 150 101 150 150 150 150 150 150 150 150 150 150 150 150 150 150 150 150 150 150 150 150 150 150 150 123 150 150 150 150 150 150 150 144 150 150 150 150 150 150 150 150 150 150 150 150 150 150 150 150 150 150 150 150 150 150 150 150 150 150 150 150 150 66 150 150 150 150 
150 34 150 100 150 150 70 150 150 150 150 150 83 150 145 150 150 120 150 119 150 150 150 150 150 150 150 150 150 150 150 150 150 150 150 150 150 150 73 150 150 150 150 150 23 150 144 150 150 150 150 150 150 150 150 150 150 150 150 150 150 144 23 150 150 12 150 150 150 150 150 150 150 150 150 150 150 150 150 150 138 150 150 150 150 96 150 150 105 150 150 65 62 150 150 7 150 150 
66 150 150 150 150 150 50 105 150 150 150 150 150 150 150 150 150 150 59 32 150 150 150 150 114 150 150 150 150 144 150 150 150 4 150 112 150 150 150 150 150 150 150 150 48 150 150 150 150 150 150 150 150 150 150 150 150 150 150 150 150 150 150 150 150 150 150 150 150 150 150 150 150 106 150 150 150 150 150 150 150 150 111 150 150 9 150 105 150 150 150 150 118 150 100 72 150 
150 150 31 23 150 150 112 150 150 23 150 72 150 150 150 150 150 150 5 150 150 111 105 150 150 150 148 150 150 150 13 150 150 140 150 150 150 150 150 150 150 150 150 150 150 150 150 150 150 150 150 150 150 150 150 150 150 150 150 150 150 150 150 150 150 150 103 150 150 150 150 150 150 150 150 150 150 150 150 49 55 150 150 150 150 150 23 150 150 150 150 150 150 30 150 150 
150 114 150 58 150 30 150 150 100 150 150 150 150 150 150 150 150 150 49 150 13 150 150 29 28 150 24 150 150 150 150 150 150 150 150 150 150 150 150 150 150 150 150 30 150 150 150 150 150 150 150 150 150 150 150 150 150 150 150 30 150 89 150 150 150 150 150 87 150 150 150 150 150 150 150 150 150 150 150 150 150 37 150 55 150 112 150 150 150 150 150 150 23 14 20 
7 29 150 106 102 100 150 69 117 103 150 117 105 150 150 150 7 117 150 117 94 30 150 150 150 150 150 103 23 150 150 103 150 150 150 150 150 150 150 150 150 150 150 103 150 150 150 150 150 150 106 150 150 7 112 150 150 76 150 150 150 150 150 150 14 150 150 150 150 7 150 150 150 117 150 150 150 150 117 100 150 117 150 77 150 150 150 150 150 150 150 27 150 150 
40 150 150 150 150 150 150 150 108 150 150 150 150 150 150 86 150 98 150 150 150 150 150 150 150 150 150 150 150 150 150 150 150 150 150 150 150 150 150 150 150 150 150 150 150 150 150 21 148 150 150 150 150 150 150 150 150 150 150 150 150 150 106 150 150 150 150 150 150 150 150 150 150 150 150 68 150 150 150 150 109 150 150 117 150 150 18 150 24 150 150 119 26 
112 144 10 150 150 150 150 150 100 150 150 150 106 105 30 23 23 150 122 150 150 103 150 150 150 100 150 150 105 150 150 150 150 150 150 150 150 112 150 150 114 150 150 150 150 150 30 150 150 30 150 30 150 150 23 150 11 150 150 150 106 150 150 30 150 150 150 150 150 150 150 144 105 103 150 150 30 150 150 150 150 139 45 112 150 150 150 30 7 46 150 150 
150 8 91 150 30 49 35 24 150 150 150 150 150 150 150 19 150 150 150 150 67 150 150 150 150 150 150 150 150 150 150 150 150 150 150 150 150 150 150 150 150 150 150 150 150 150 150 150 103 150 150 150 150 150 150 105 150 150 150 150 150 150 150 150 150 150 150 23 150 150 141 150 150 150 150 150 150 150 150 150 150 7 150 150 150 150 150 150 150 150 150 
106 150 150 100 95 27 150 150 67 150 150 150 138 150 81 36 7 91 150 150 150 150 150 150 150 150 150 150 150 150 88 150 150 150 150 150 150 150 150 150 150 150 150 150 150 150 150 150 150 150 150 150 150 150 150 150 150 150 150 150 150 150 150 150 150 53 150 150 42 150 150 150 150 9 150 150 150 150 150 150 150 150 150 150 150 150 150 150 150 150 
23 150 2 144 103 112 150 150 150 150 150 150 150 150 150 4 150 54 150 144 150 83 150 100 25 117 150 150 106 150 150 150 150 150 150 150 7 37 150 150 150 150 150 7 150 150 150 150 150 150 150 150 150 150 150 150 150 150 150 150 150 150 150 150 150 150 150 30 144 150 150 150 150 150 150 150 150 150 150 150 150 150 150 150 112 150 150 103 150 
150 150 150 127 77 150 150 150 150 150 150 150 150 150 150 150 150 86 150 150 150 150 150 150 150 150 103 126 150 150 150 150 150 150 150 150 150 150 150 150 150 150 150 150 150 3 150 150 150 150 150 7 150 150 150 110 150 100 150 150 150 150 20 150 106 150 150 150 150 150 150 150 150 150 150 140 150 150 105 1 150 150 150 150 150 30 150 150 
150 150 150 150 101 150 150 150 150 117 93 150 150 106 150 150 7 150 150 150 10 150 150 95 150 150 150 150 150 150 21 107 150 150 150 150 150 112 150 105 150 150 150 150 14 1 150 150 150 150 106 150 150 150 150 150 150 30 150 150 19 150 150 150 150 150 150 150 150 150 150 150 150 45 150 150 112 150 150 150 150 150 150 150 7 150 150 
150 150 117 105 150 100 105 150 150 150 7 150 150 150 150 7 150 150 124 100 150 92 150 112 150 150 150 150 150 150 100 150 150 150 150 106 18 106 138 150 150 150 23 150 150 150 150 150 150 150 47 150 150 150 150 150 142 150 150 150 150 150 6 150 150 112 150 150 150 150 150 150 150 7 150 150 150 150 7 150 117 150 150 150 150 150 
150 150 6 17 124 150 150 150 150 150 18 150 20 150 150 150 150 150 150 150 150 122 150 150 150 47 150 150 150 150 150 150 148 150 150 150 150 150 150 150 150 150 150 150 150 150 150 150 150 150 150 150 150 150 150 150 150 150 150 150 150 150 150 150 150 150 150 150 150 150 109 150 150 92 150 144 150 150 150 11 150 150 23 150 150 
150 60 36 50 150 150 21 130 150 150 150 150 6 150 147 66 150 150 150 150 150 150 150 150 150 150 150 150 150 150 150 150 150 150 150 150 150 150 150 150 150 150 150 150 150 150 150 150 150 150 150 150 150 150 150 150 150 150 150 150 150 150 150 150 150 150 150 150 150 150 150 150 150 150 150 150 150 150 150 150 26 150 150 92 
150 150 150 150 150 141 150 150 150 23 150 113 150 150 150 150 150 150 105 150 150 23 150 150 150 150 150 150 150 150 150 150 150 150 150 150 150 150 150 150 150 150 150 150 150 150 150 150 150 150 150 150 150 150 150 150 150 150 125 150 150 72 150 150 150 150 57 150 150 150 150 150 150 150 150 150 150 131 150 2 150 38 150 
150 150 123 106 150 150 146 65 112 150 15 150 150 150 150 150 150 112 150 150 150 150 150 150 150 66 150 150 150 150 150 150 150 150 150 150 102 150 150 150 150 150 150 103 150 150 150 150 150 150 150 150 150 150 150 150 150 150 150 150 150 150 150 150 150 150 150 150 150 150 150 150 150 150 150 150 150 150 147 30 150 150 
94 150 150 150 136 150 150 150 150 103 150 104 12 150 150 150 150 150 150 150 150 150 150 150 150 150 150 150 150 150 150 150 150 150 106 150 150 150 150 150 150 150 150 150 150 150 150 150 150 150 150 150 150 150 150 150 150 30 150 22 150 150 150 150 150 150 150 150 0 150 150 150 150 150 150 150 69 88 150 150 96 
82 150 150 150 150 150 144 150 150 150 3 58 106 150 2 150 150 150 30 150 150 150 150 150 127 150 150 150 150 150 150 150 150 150 77 150 150 150 150 150 150 150 150 23 150 150 150 150 150 150 150 150 150 150 150 150 150 150 150 150 150 150 150 150 150 150 150 150 48 150 150 150 150 80 150 150 150 150 150 150 
150 150 150 3 150 144 150 84 150 150 150 150 80 150 150 31 150 150 150 121 150 150 47 53 150 150 150 150 150 23 150 150 150 150 150 150 150 150 150 150 150 150 150 150 7 26 150 150 150 150 150 150 150 150 150 112 150 150 150 150 150 150 150 150 150 150 150 150 150 150 150 150 150 150 150 150 112 150 33 
150 150 150 77 150 97 150 82 12 104 150 150 150 150 150 150 150 150 13 85 150 150 150 150 150 120 150 150 150 150 150 150 150 150 150 150 150 150 150 139 150 150 150 150 150 150 150 150 150 147 150 150 150 150 150 150 150 150 150 150 150 150 150 150 150 150 150 150 144 150 150 150 150 150 44 150 122 150 
150 150 150 150 150 150 150 150 150 150 150 150 150 137 150 150 150 150 150 75 150 150 71 150 150 150 150 150 150 150 150 150 150 150 150 150 150 34 150 150 150 106 150 150 150 150 150 150 93 150 150 150 63 150 150 150 150 150 150 150 150 150 150 150 150 150 150 150 150 150 64 150 150 150 150 150 150 
150 150 150 150 150 150 150 150 150 105 150 23 55 150 150 150 89 150 150 108 150 150 144 150 150 150 150 150 150 77 150 150 150 150 150 150 150 146 150 150 150 30 150 150 150 150 150 150 150 150 150 150 150 150 150 150 150 150 150 150 150 150 150 150 150 150 150 150 150 59 150 150 150 106 87 150 
150 150 55 150 150 150 150 150 150 150 150 150 130 150 150 112 49 61 150 150 35 144 82 150 150 150 150 150 80 150 150 150 150 150 150 150 150 150 105 150 150 150 150 150 150 150 150 150 150 150 150 150 150 150 150 150 150 150 150 150 150 150 150 150 150 150 150 150 150 150 150 150 150 150 150 
23 150 93 38 42 119 150 150 150 150 150 150 150 89 150 150 150 136 150 150 150 150 150 15 150 150 150 150 150 150 150 150 141 150 150 150 150 150 150 150 47 150 150 150 150 150 150 150 150 150 150 150 150 150 150 150 150 150 150 150 150 150 150 150 23 150 150 150 150 150 150 150 150 150 
23 150 7 150 150 150 150 105 141 103 30 130 150 150 103 7 150 150 150 150 150 132 150 150 150 150 144 150 150 30 150 150 150 150 150 150 44 150 50 150 23 150 150 150 150 100 150 150 150 150 150 106 150 150 150 150 150 23 150 150 112 150 150 150 150 106 144 150 150 150 150 150 150 
150 150 150 83 150 104 150 117 150 150 150 150 150 150 118 150 150 150 150 150 150 150 150 150 150 150 150 100 150 150 144 150 150 150 150 7 150 150 150 150 150 150 112 150 150 150 150 150 150 150 150 150 150 150 150 150 150 150 150 150 150 150 150 150 150 7 150 41 150 150 101 150 
150 72 39 150 150 150 150 45 150 150 150 150 150 150 150 150 150 150 150 23 24 105 150 150 150 150 150 150 150 150 150 150 150 150 16 150 150 150 150 150 150 150 150 150 150 150 13 150 150 150 150 150 150 150 150 150 150 150 150 150 150 117 150 150 150 150 150 150 150 150 150 
150 5 150 149 37 106 150 150 150 150 150 150 62 64 150 150 150 150 103 128 150 150 150 150 150 131 150 150 150 150 150 17 150 150 150 112 150 150 150 150 150 150 150 150 150 150 103 150 150 150 150 150 150 150 150 150 150 150 150 150 150 150 150 150 150 150 150 150 150 150 
150 23 150 108 150 15 150 150 150 66 150 150 150 150 150 150 150 150 150 150 150 106 150 150 115 150 150 150 150 150 150 150 150 150 150 150 150 150 150 150 150 150 150 150 150 150 150 150 150 150 150 126 150 150 150 150 150 150 150 150 150 150 150 150 150 150 150 29 150 
150 150 150 30 150 34 100 150 29 134 27 150 150 150 112 150 150 150 150 150 150 150 150 150 150 150 150 150 150 150 150 150 150 150 150 150 150 150 150 150 150 150 150 150 150 150 150 150 150 150 150 150 150 150 150 150 150 150 23 150 150 150 150 150 150 150 150 150 
117 150 14 30 106 146 150 150 106 106 7 150 103 28 150 150 150 150 150 143 150 150 150 150 150 150 150 150 150 150 150 150 150 150 150 150 121 150 150 150 100 150 100 22 150 150 150 150 112 150 150 100 150 150 150 150 150 150 150 150 150 150 150 150 150 150 23 
150 150 150 150 106 4 150 150 150 150 150 116 150 150 23 123 150 150 150 150 150 150 150 150 150 150 150 150 150 150 150 150 150 150 150 150 150 150 150 150 22 150 150 150 43 150 150 150 150 150 150 150 150 150 150 150 150 150 150 150 150 3 150 150 150 150 
100 150 149 150 128 58 150 150 150 150 25 150 34 150 150 100 150 150 150 85 150 57 150 150 150 134 46 150 150 150 150 150 150 150 150 150 150 150 95 150 150 150 150 150 150 150 150 150 150 150 150 150 150 150 150 23 150 150 150 150 150 150 150 150 150 
150 100 150 7 150 30 150 150 79 7 84 8 150 150 82 105 150 30 23 150 105 100 117 106 23 150 150 150 150 146 150 150 150 48 150 150 105 150 150 150 54 112 106 150 112 150 150 150 150 105 150 150 23 150 150 150 100 150 150 150 105 150 150 150 
17 150 40 150 150 150 150 150 150 150 14 150 150 150 2 150 150 150 150 150 150 150 150 35 150 150 150 150 150 150 150 150 150 150 150 150 150 150 150 150 150 150 150 150 150 150 150 150 150 150 150 150 150 150 150 150 150 150 150 150 150 150 150 
117 150 150 150 150 150 150 119 150 150 150 150 150 10 150 150 150 150 150 150 150 121 150 150 86 150 150 150 150 150 132 100 150 150 150 150 150 150 150 150 150 150 150 150 150 150 150 150 150 150 150 150 150 150 150 150 150 150 150 23 150 150 
150 150 150 150 144 150 150 36 150 150 150 150 150 63 150 150 117 150 117 144 150 150 150 150 150 150 150 150 150 105 150 150 150 150 150 112 150 57 150 150 150 112 150 150 150 150 150 150 150 150 143 1 150 150 150 150 150 112 71 150 150 
131 150 10 150 132 0 150 150 23 150 105 150 150 150 150 150 150 121 150 150 150 150 150 150 150 150 150 150 150 150 150 150 150 9 150 150 150 150 150 150 150 150 113 150 150 150 150 127 150 150 150 150 150 150 150 150 150 150 150 150 
150 150 150 150 150 150 150 117 150 103 150 150 150 64 150 150 150 150 150 135 150 150 150 106 150 150 150 150 150 150 150 150 150 150 150 150 150 150 150 150 150 150 150 150 150 150 150 150 150 150 150 150 150 150 150 150 150 150 123 
150 96 150 86 150 150 150 150 150 142 150 150 150 150 150 150 90 150 150 150 150 150 23 150 80 150 5 150 150 150 0 88 150 150 150 150 150 42 150 150 150 150 150 150 150 150 150 150 150 129 150 150 150 150 150 150 150 150 
24 150 48 100 150 150 150 150 150 105 146 98 150 149 150 150 150 150 150 93 106 103 150 150 150 150 150 150 150 150 150 150 150 150 150 150 150 150 150 150 150 150 150 150 150 150 150 150 150 150 150 150 150 150 150 150 150 
140 76 150 150 100 150 100 150 150 150 150 150 150 150 25 150 150 150 150 150 150 150 150 150 150 150 150 58 150 150 150 150 150 145 150 150 102 150 150 150 150 150 150 150 150 150 7 150 150 150 150 150 150 150 150 150 
121 106 144 150 51 112 150 150 150 1 150 150 150 150 136 150 2 150 150 150 150 150 150 30 150 100 150 150 150 150 150 150 32 150 150 150 150 150 150 150 150 24 150 150 150 150 150 150 150 150 150 150 150 150 150 
150 134 150 150 105 150 150 150 150 150 150 150 150 150 150 150 150 150 150 150 150 150 150 150 150 150 150 150 150 150 150 150 150 150 150 150 150 150 150 150 150 150 150 100 150 150 150 150 150 150 150 106 150 150 
30 74 106 78 7 150 150 150 150 150 150 150 150 144 106 150 33 150 150 150 150 150 75 108 150 150 150 150 150 150 150 150 150 150 150 150 150 150 105 7 150 150 150 116 150 150 150 150 150 150 150 150 150 
150 150 105 150 7 150 150 28 150 129 150 150 150 150 84 100 150 150 150 150 150 150 150 150 150 150 94 150 105 150 150 150 150 150 150 150 150 150 150 150 150 150 150 81 150 150 150 150 150 100 150 150 
150 120 117 97 144 150 150 150 150 7 150 150 30 150 150 14 84 150 150 150 1 150 150 106 150 150 150 150 150 150 150 150 150 150 150 150 150 150 150 150 150 150 150 106 150 150 150 150 150 150 150 
30 53 105 8 150 150 113 150 109 150 150 150 150 150 150 150 150 150 150 150 144 150 150 150 150 150 150 149 150 150 150 150 150 150 150 150 150 150 150 7 23 150 150 150 150 150 150 150 150 150 
106 94 150 150 150 112 23 150 7 150 150 117 150 150 38 150 105 112 150 150 150 150 150 7 150 61 150 150 150 150 150 150 150 7 150 150 150 150 141 150 150 103 23 150 150 150 150 23 150 
106 112 150 96 1 48 150 150 150 150 98 30 150 150 150 150 122 150 7 150 150 150 62 150 150 150 150 150 150 25 150 150 150 150 150 150 150 150 150 150 150 150 150 150 150 117 150 150 
150 150 150 144 150 112 105 100 105 150 56 19 68 105 150 100 79 150 7 150 150 150 150 150 150 150 150 150 23 150 106 150 150 150 144 150 150 89 150 150 150 150 100 150 150 150 150 
150 46 42 150 150 150 150 150 49 150 150 150 33 150 150 150 23 150 150 150 104 150 144 150 150 150 150 150 150 150 150 150 150 150 150 105 150 150 150 150 65 150 150 150 150 150 
150 150 150 60 150 147 150 10 150 150 150 120 150 150 150 150 150 45 150 122 150 150 150 150 150 150 150 150 150 150 150 65 150 150 150 150 150 150 150 150 150 150 150 150 150 
27 150 150 48 74 150 150 150 150 105 150 150 150 7 150 68 150 29 150 150 150 123 150 150 150 150 150 150 150 150 150 150 150 150 150 150 150 145 150 150 150 150 150 150 
150 94 150 150 91 150 150 150 103 150 150 150 7 150 150 150 150 65 150 150 150 150 150 150 150 150 150 150 150 150 150 150 150 150 150 150 150 150 150 150 150 150 150 
57 150 9 150 150 150 150 144 150 150 150 112 150 150 150 150 150 150 150 150 150 150 74 150 150 150 150 150 60 150 150 150 150 150 150 150 150 150 150 150 150 150 
143 150 150 150 150 150 112 150 150 150 23 150 150 150 150 150 150 23 150 150 150 43 150 150 150 150 150 150 150 150 150 150 150 150 150 150 150 139 150 150 150 
150 4 124 23 150 150 150 53 150 150 150 150 21 150 134 150 105 150 28 150 150 150 150 150 150 41 150 150 150 112 150 150 150 150 150 150 150 150 150 150 
150 92 23 150 150 11 119 150 23 103 115 150 150 150 150 105 150 150 150 150 150 150 150 150 150 150 150 150 150 150 150 150 150 150 150 150 150 150 150 
150 150 150 150 150 41 150 105 150 150 150 150 150 31 150 150 150 108 150 55 150 150 150 150 150 150 150 150 112 150 150 150 150 150 150 150 150 150 
23 150 150 46 47 44 30 30 150 150 150 150 150 150 150 102 150 150 150 115 150 150 150 150 150 150 150 150 88 150 150 150 150 150 150 150 150 
150 43 150 150 150 150 92 150 23 30 150 150 51 150 150 150 150 150 150 150 150 150 150 150 117 150 150 150 103 150 150 150 150 150 106 150 
150 150 7 144 150 150 150 106 150 150 30 44 7 100 23 100 150 150 150 150 150 150 150 150 129 52 150 112 150 150 150 150 63 150 150 
30 150 100 150 150 150 150 150 150 150 150 150 150 150 30 150 23 105 150 150 150 150 150 95 32 150 150 150 106 150 150 150 150 150 
5 150 150 23 14 131 150 150 150 150 150 150 150 150 150 150 150 150 150 124 150 56 150 150 150 150 15 150 150 150 150 150 150 
150 117 106 150 150 150 150 80 150 150 150 150 150 56 150 150 150 150 150 63 150 150 150 150 150 150 150 123 150 150 150 150 
117 150 150 19 150 36 150 150 150 85 150 150 150 150 27 150 88 150 150 150 150 150 150 150 150 150 150 150 100 150 150 
35 150 150 106 150 150 150 100 150 150 150 150 150 150 100 7 105 150 150 150 46 150 150 150 30 150 150 62 150 106 
23 7 100 105 150 150 150 150 150 105 150 150 103 150 150 150 150 150 72 150 150 150 150 150 105 150 129 150 117 
150 132 150 12 150 53 57 150 150 44 150 150 51 150 150 150 150 150 105 150 150 150 150 150 150 150 150 137 
1 150 59 150 150 150 150 34 150 134 150 150 150 150 150 150 150 150 150 116 150 150 150 150 150 150 78 
92 150 105 24 150 57 150 30 81 150 150 150 150 150 150 150 150 150 93 150 150 150 150 150 150 150 
150 150 150 150 50 150 150 150 150 150 150 80 150 150 23 150 150 150 150 150 150 150 150 150 150 
150 60 150 24 150 82 32 150 150 150 150 150 150 150 150 150 150 39 95 150 150 150 150 150 
150 150 117 150 30 150 112 112 112 150 150 150 150 150 150 112 150 150 150 150 141 150 150 
90 150 17 150 54 150 150 150 150 150 150 150 150 45 133 150 150 150 36 150 103 150 
110 150 150 39 150 150 150 150 150 150 150 144 150 150 129 150 150 150 150 150 150 
150 150 150 150 64 1 150 150 150 144 150 118 150 150 150 44 150 150 53 150 
150 150 98 150 150 150 150 150 30 150 50 123 95 150 150 150 106 52 90 
13 150 150 99 150 123 150 150 150 5 77 150 101 150 66 106 150 150 
52 33 6 150 93 150 150 150 150 150 150 150 72 150 150 150 150 
12 11 150 150 150 7 150 76 150 150 150 133 150 7 6 150 
150 150 31 60 103 23 150 141 150 150 150 130 150 150 150 
126 150 128 150 150 150 55 13 150 150 12 150 150 150 
102 106 103 144 21 107 150 150 150 150 150 150 150 
135 150 150 114 150 150 150 150 150 150 150 150 
150 100 150 71 150 24 16 73 23 64 150 
150 150 105 150 150 100 150 99 103 30 
106 150 150 105 150 23 150 150 103 
150 71 111 150 150 150 150 145 
150 70 150 150 150 150 150 
150 150 150 105 150 150 
144 45 150 150 10 
150 150 150 150 
150 150 150 
7 150 
150 

