100 117
67 117 75 117 25 114 58 117 117 117 43 117 113 117 117 117 117 117 117 117 117 117 117 117 117 117 117 23 117 117 117 117 117 117 117 117 117 117 117 117 62 117 117 117 117 117 117 117 117 117 117 117 117 117 117 117 117 117 117 117 117 117 117 117 117 117 117 117 117 117 81 3 117 117 76 73 117 90 117 117 117 117 117 117 117 117 80 117 3 117 117 117 48 117 72 117 117 84 117 
51 117 117 49 117 117 0 117 117 117 117 80 117 117 54 117 79 117 117 0 117 117 59 116 116 117 54 117 117 117 117 85 117 117 117 117 37 117 117 117 117 117 117 117 117 117 117 117 85 117 90 117 50 117 117 117 117 117 117 117 117 117 117 117 117 117 117 3 117 117 6 117 25 117 117 102 117 117 117 117 117 117 85 117 0 117 117 117 117 117 54 117 117 94 117 117 117 116 
117 117 117 18 117 117 117 117 117 112 117 103 117 55 117 117 117 117 5 117 117 51 117 117 117 117 117 117 117 117 117 117 27 117 68 117 117 117 117 117 117 117 117 117 117 117 117 117 117 117 117 94 117 117 117 117 117 117 117 117 117 117 117 117 25 117 117 117 117 117 117 37 117 76 51 117 117 117 117 117 117 117 81 117 117 117 117 117 117 117 117 80 102 117 63 14 17 
102 117 117 44 14 117 39 117 117 117 95 117 117 117 117 117 86 117 117 117 117 117 117 66 117 117 117 117 117 117 117 117 117 117 117 117 117 117 117 117 53 117 117 117 117 117 117 117 117 117 117 117 117 117 117 117 117 61 117 117 117 117 96 117 117 76 117 117 3 117 117 117 117 117 117 117 117 117 117 117 117 117 117 117 117 116 117 93 88 117 25 8 117 117 117 117 
94 19 117 117 117 85 117 117 70 117 1 117 117 117 117 117 26 117 117 117 117 117 117 117 109 48 117 117 117 117 117 117 117 117 117 117 117 117 52 117 117 117 117 117 117 117 117 117 117 117 117 117 117 117 117 117 117 117 117 117 117 117 117 117 117 117 117 117 117 117 117 82 117 117 117 117 117 117 117 56 35 117 117 117 116 54 117 117 42 117 34 117 117 117 117 
116 117 94 117 95 25 25 117 117 117 117 117 117 116 117 117 85 117 24 54 95 51 94 117 0 117 117 51 67 117 0 80 117 117 110 117 9 117 116 117 117 117 117 117 117 117 117 117 117 94 80 117 25 117 117 67 117 117 117 94 117 40 117 117 117 117 5 117 117 117 117 117 3 117 117 117 117 117 117 54 117 117 117 117 117 117 117 117 29 117 117 117 117 67 
75 90 117 117 117 117 117 117 33 117 112 0 117 117 117 117 117 117 117 117 115 117 117 117 117 117 117 117 117 117 117 117 117 117 117 117 117 117 117 117 117 117 117 117 117 117 117 85 117 117 117 117 117 117 117 117 117 117 117 117 117 117 117 117 117 0 117 117 117 117 117 117 117 117 117 117 117 117 117 117 117 117 94 3 66 108 69 51 117 117 101 117 117 
117 55 117 117 45 63 87 117 117 6 95 66 117 59 117 117 3 117 117 117 117 117 117 117 117 117 117 117 117 117 117 117 117 117 117 117 117 117 117 117 117 117 117 117 117 117 67 117 117 117 117 117 117 117 117 117 117 117 117 67 117 117 117 117 3 117 117 117 117 117 117 117 117 117 117 117 117 117 117 3 117 117 54 30 117 27 117 117 117 1 94 117 
33 117 111 34 117 62 117 117 117 54 117 117 117 117 117 117 32 117 117 117 117 117 117 56 117 117 117 76 117 117 117 117 117 117 117 117 117 117 117 117 117 117 117 117 75 0 117 117 117 117 117 117 117 117 117 117 117 117 117 117 117 117 117 51 117 117 117 117 117 117 117 117 117 117 117 117 117 117 117 117 117 117 107 117 117 117 117 117 53 11 36 
117 105 117 68 26 117 117 117 54 117 117 117 117 117 117 117 117 117 117 117 28 117 41 56 117 117 117 117 117 117 117 117 117 117 117 117 117 61 117 117 117 117 117 117 95 117 117 117 117 117 117 117 117 117 117 117 117 117 117 117 117 117 117 117 117 117 117 117 117 22 117 117 117 117 5 117 117 117 47 9 117 53 117 57 117 117 117 7 117 117 
117 117 117 117 100 117 117 94 117 117 61 117 117 117 117 72 21 67 117 117 117 117 117 117 117 117 117 117 117 116 117 117 117 50 117 117 117 117 117 117 33 117 117 54 117 117 117 117 117 117 117 117 117 117 117 117 117 117 117 117 117 95 117 117 117 117 117 117 117 117 117 11 117 93 78 117 117 117 117 117 117 102 117 117 117 117 117 117 63 
62 117 36 117 117 117 117 117 68 115 117 117 117 117 117 117 117 117 117 101 117 117 117 117 117 117 116 117 94 117 117 117 117 117 117 117 117 117 7 117 117 117 117 31 117 117 117 117 23 117 117 117 81 117 117 117 117 117 117 117 117 117 117 117 117 80 117 117 117 117 117 117 117 117 117 117 117 117 85 117 117 117 117 117 117 117 33 117 
98 117 117 33 24 117 117 117 54 117 114 51 117 117 117 56 117 117 117 117 117 117 104 117 117 117 117 117 117 117 117 117 117 117 117 117 117 117 117 117 117 117 117 117 117 117 117 117 117 92 117 117 117 117 117 117 117 117 117 94 117 117 117 117 117 117 117 117 117 117 117 117 117 117 117 117 117 51 117 117 117 38 117 30 115 117 117 
106 101 117 117 3 117 117 117 117 117 117 117 117 117 71 117 117 117 117 117 117 117 117 117 117 117 117 117 117 117 89 117 117 117 31 117 117 117 117 117 85 117 117 117 117 117 117 117 117 117 117 117 117 117 117 117 117 117 117 117 117 117 117 117 117 117 117 117 117 117 117 4 117 117 117 117 117 117 59 117 117 117 36 117 49 16 
117 117 32 117 117 117 117 112 117 117 65 49 117 117 96 31 117 117 117 117 117 117 117 117 117 117 43 117 117 117 117 117 117 117 117 117 117 117 117 117 117 117 117 117 117 117 117 117 117 117 117 117 117 117 117 117 117 117 117 117 117 117 117 117 117 117 117 117 117 117 117 117 117 117 117 117 117 117 117 67 117 39 117 79 71 
117 117 117 117 19 99 117 117 9 117 117 117 5 117 117 18 117 117 117 117 117 117 117 117 117 117 117 117 117 117 117 117 117 14 117 117 117 117 117 117 117 117 117 117 117 117 117 117 117 117 117 117 117 117 84 117 117 36 117 117 117 117 117 117 117 117 117 117 117 113 116 117 117 25 9 117 117 117 117 42 107 117 117 117 
117 9 87 110 117 117 103 25 46 25 117 117 117 117 117 117 117 117 117 117 19 116 117 117 117 117 117 117 117 117 117 117 97 117 117 117 117 94 117 117 117 117 117 117 117 117 117 117 117 117 117 117 117 117 117 51 117 117 117 117 3 117 117 16 117 117 117 117 117 117 117 117 25 116 117 117 117 95 117 117 117 117 113 
85 117 117 10 56 47 85 117 117 103 117 28 117 117 117 117 117 117 80 117 117 117 95 117 117 83 117 117 44 117 117 117 117 117 117 117 117 117 117 117 117 117 117 117 117 117 117 117 117 117 117 117 117 117 117 117 117 117 117 117 117 117 117 117 117 87 117 117 117 117 117 117 95 117 117 117 94 117 117 99 117 117 
80 9 117 51 0 117 51 80 117 85 117 117 95 117 117 117 117 117 117 43 117 41 117 95 117 67 3 117 117 117 117 85 51 117 117 117 117 94 117 51 117 117 67 117 117 117 117 117 74 63 117 117 117 117 117 116 117 117 117 117 117 117 0 117 95 117 94 117 117 117 117 117 67 117 117 82 117 15 117 117 54 
83 68 78 117 117 117 117 117 117 117 117 117 117 117 117 1 101 60 117 117 51 117 117 117 117 117 65 117 117 117 117 117 117 117 117 117 117 117 117 117 117 117 117 117 79 117 117 116 117 117 117 117 117 117 117 117 117 117 117 117 89 117 117 117 117 117 117 117 117 117 54 36 117 117 117 84 117 117 117 117 
117 45 117 9 64 117 117 70 72 117 117 117 117 117 117 117 12 117 117 117 117 117 117 117 117 117 117 117 117 75 117 117 117 117 117 117 117 117 117 117 117 117 117 117 117 11 117 117 117 117 117 117 53 117 117 117 117 117 117 117 117 117 117 117 102 117 117 41 117 117 117 117 117 117 25 117 117 117 117 
117 79 117 106 117 117 117 117 117 12 117 117 117 117 117 117 117 117 67 117 117 117 117 117 117 117 117 117 117 117 117 117 117 117 117 117 117 117 117 117 117 117 117 117 117 117 117 117 117 117 95 117 117 117 117 117 117 117 117 34 117 117 117 117 117 117 117 117 117 64 117 117 117 117 98 117 117 117 
117 85 104 117 117 92 117 117 117 74 117 2 117 26 117 117 117 117 117 117 117 14 9 117 117 117 117 117 117 117 117 117 117 117 117 117 117 28 117 36 117 117 117 117 117 117 117 117 117 117 117 117 117 117 117 117 117 117 117 117 99 117 117 117 117 117 117 117 117 117 19 117 117 117 117 117 117 
117 44 117 117 117 117 117 117 48 117 117 117 109 111 85 117 117 117 117 117 117 117 29 3 117 117 117 117 117 117 117 117 117 117 117 20 117 117 117 117 117 117 117 117 117 117 117 117 117 117 94 117 117 117 117 117 117 117 117 117 117 117 117 117 73 9 117 117 117 22 117 117 117 8 117 117 
117 67 117 117 0 117 117 117 117 117 117 117 117 117 117 117 94 54 117 117 117 117 117 95 117 117 117 117 116 5 117 117 117 117 117 117 117 117 117 117 117 3 117 117 117 117 117 117 117 117 117 117 117 117 117 117 117 117 80 117 117 117 117 117 99 8 117 117 117 117 117 117 117 117 51 
117 117 117 117 117 117 58 117 117 117 117 117 117 117 117 63 117 117 117 117 117 117 117 117 117 11 117 6 67 117 117 117 117 117 117 117 117 117 117 117 117 117 117 117 59 117 117 117 117 117 117 117 117 117 117 117 117 117 57 117 117 117 117 117 117 117 117 117 117 117 117 117 117 117 
117 117 113 103 117 52 117 29 4 117 117 117 117 117 117 117 117 117 10 117 117 117 117 117 117 117 117 0 117 117 117 117 117 117 117 11 117 117 117 117 117 117 117 117 117 117 117 117 117 117 117 117 117 117 117 117 117 117 117 117 117 75 117 117 117 64 117 117 117 117 117 117 117 
117 117 117 33 117 117 117 117 117 117 117 93 95 117 117 117 117 117 117 117 60 117 117 112 117 117 25 117 117 117 29 117 117 77 117 117 117 117 117 117 67 117 117 117 117 117 117 117 117 117 117 117 117 117 117 117 117 86 117 117 96 117 117 117 117 117 117 117 117 117 117 31 
117 117 117 117 117 117 97 117 117 80 117 117 117 117 117 117 6 117 117 117 117 27 117 54 48 117 117 117 117 117 117 117 117 117 117 117 117 117 80 117 117 117 117 117 117 117 73 117 117 117 117 117 117 117 117 117 117 117 117 117 117 116 117 117 117 117 117 117 117 117 117 
117 55 23 30 117 66 49 117 117 117 117 117 117 92 117 117 117 117 117 117 117 117 117 117 116 117 117 117 117 117 117 117 117 117 117 117 117 54 117 117 117 117 25 117 117 117 117 54 117 117 117 26 117 117 117 117 117 117 117 117 117 117 117 117 94 117 117 117 117 117 
117 117 36 62 117 117 117 117 2 9 117 117 117 117 117 117 117 117 117 35 117 117 13 117 117 96 75 117 15 117 117 117 117 117 117 117 117 117 117 117 117 9 117 117 117 117 117 117 117 117 117 45 117 117 117 117 116 117 117 117 117 117 117 117 20 117 117 117 117 
90 117 39 84 117 117 117 117 116 117 117 59 117 117 117 111 117 1 117 117 80 117 117 117 117 117 117 48 117 117 117 117 117 13 117 117 117 117 117 117 117 117 117 117 117 117 117 117 117 117 117 117 117 117 117 117 117 117 117 117 117 117 117 14 117 117 117 117 
12 117 79 4 117 117 117 117 117 117 60 117 117 117 103 117 117 117 117 117 117 117 117 117 31 106 117 117 117 117 117 117 117 117 117 117 117 117 117 117 117 117 117 117 117 117 117 117 117 117 117 117 117 117 0 117 54 117 117 117 117 117 117 117 117 117 117 
117 110 117 117 117 58 117 60 117 117 10 33 117 79 16 117 117 117 117 117 117 117 117 117 117 7 117 117 117 117 117 117 117 25 117 117 117 117 117 117 117 117 117 117 117 117 59 117 117 117 117 117 117 117 117 3 117 117 117 117 117 117 117 117 117 117 
117 117 117 54 113 95 10 65 117 117 117 36 117 117 117 82 117 117 117 0 117 117 56 117 117 117 117 117 23 117 117 117 117 117 117 117 117 117 117 117 60 117 117 117 117 117 117 117 117 104 117 117 67 117 117 117 117 117 117 117 117 117 117 117 117 
117 117 3 24 117 89 117 117 12 47 117 117 117 117 117 117 117 105 117 96 117 117 117 117 117 108 117 117 117 117 117 117 117 117 117 117 117 117 117 117 117 117 117 117 117 117 117 117 117 117 117 117 117 117 117 117 117 117 117 117 117 117 117 117 
117 117 91 51 117 111 117 117 117 1 117 117 117 117 117 117 117 117 98 66 117 77 117 117 117 117 117 117 117 117 117 117 117 117 117 117 117 117 117 117 117 117 117 117 117 117 42 117 117 117 117 117 117 117 117 117 10 117 117 117 117 117 117 
116 104 25 117 38 117 117 3 117 117 114 117 117 117 94 117 117 117 117 39 117 117 117 117 78 117 117 117 117 117 95 117 117 117 117 117 90 117 117 117 117 117 117 117 117 117 117 117 117 117 117 117 117 117 117 117 117 117 117 117 117 117 
117 78 85 94 117 117 117 117 117 117 116 54 117 14 116 40 117 117 117 117 117 117 117 80 117 117 94 117 109 106 117 117 117 117 117 117 117 85 41 116 117 117 117 117 117 117 117 117 117 117 117 117 117 117 117 117 9 117 67 117 117 
117 117 117 117 82 117 117 117 117 117 117 3 51 117 85 117 17 59 117 117 117 117 117 117 117 54 117 117 117 117 117 32 117 117 117 117 117 117 117 117 117 117 117 117 117 9 117 117 117 117 3 117 117 117 117 117 117 94 117 117 
117 25 94 117 117 117 117 80 54 117 117 117 117 117 117 117 117 117 3 117 117 117 117 117 117 117 117 46 117 117 94 117 117 117 117 117 57 117 117 117 117 117 117 117 67 117 82 117 117 21 117 117 3 117 117 117 117 117 117 
95 117 51 117 117 117 8 117 117 117 117 117 117 117 37 115 117 117 117 117 117 117 27 88 117 117 117 117 117 117 116 117 117 117 117 117 117 117 117 117 117 117 117 117 117 117 117 117 117 117 117 117 117 117 117 117 29 117 
18 117 117 117 100 34 5 117 117 0 117 117 70 117 117 117 117 36 117 117 13 117 117 117 117 0 117 117 117 117 117 117 117 50 117 117 117 117 117 117 117 117 117 117 117 117 117 9 117 117 117 117 117 117 117 117 117 
105 64 117 11 117 117 117 117 3 71 117 117 117 13 117 117 84 117 117 117 117 117 117 117 117 117 76 117 117 117 117 117 117 117 117 117 117 20 117 117 117 117 117 117 117 117 117 117 117 117 117 117 117 117 78 117 
117 117 114 117 117 117 117 117 117 116 8 117 69 2 117 117 117 117 117 117 117 117 117 117 44 117 117 117 117 117 117 117 117 117 117 117 72 117 117 117 117 117 117 117 117 67 117 117 117 117 117 117 117 117 117 
112 68 106 98 15 5 117 117 117 52 117 117 55 117 117 117 117 117 117 117 117 117 117 117 117 117 117 117 117 117 34 117 117 117 117 117 117 115 117 117 117 117 117 117 117 117 117 117 117 117 117 117 117 117 
60 69 117 117 117 117 76 85 93 91 117 117 117 117 117 6 117 117 117 117 117 117 117 117 107 117 117 117 78 117 117 117 117 103 117 117 117 117 117 117 117 34 117 117 117 117 117 117 117 117 117 117 117 
117 117 117 58 117 8 117 117 67 117 117 35 117 117 117 117 50 117 117 117 117 117 117 117 117 117 40 117 117 117 117 117 117 117 117 117 117 117 117 117 117 117 25 117 117 117 117 117 117 117 117 117 
117 97 117 117 82 116 117 117 117 45 117 117 117 117 117 117 117 117 9 117 117 117 117 117 113 117 117 117 117 117 117 117 117 117 117 117 117 117 117 21 117 117 117 117 117 117 117 117 117 117 117 
106 117 80 117 9 117 117 73 117 117 117 117 117 109 117 117 117 94 117 117 27 24 117 117 117 117 117 25 117 117 117 117 117 117 117 117 117 117 117 117 67 117 117 117 117 117 117 117 117 117 
117 117 117 85 6 1 117 117 117 117 117 117 117 117 117 117 117 117 32 117 117 117 102 117 117 117 117 117 117 117 117 40 51 117 91 117 117 117 117 117 117 117 117 117 54 117 117 117 117 
3 63 117 100 16 117 117 41 117 78 39 117 83 117 117 54 25 117 117 117 117 117 117 77 117 117 117 117 117 117 117 117 117 117 117 117 117 117 117 117 117 117 54 117 117 117 117 117 
117 0 51 117 25 51 117 25 95 117 117 117 94 117 17 81 117 117 117 70 117 3 117 9 37 116 117 117 117 117 117 117 117 117 93 117 117 117 117 117 117 117 117 117 117 117 117 
117 117 117 117 117 117 117 117 117 53 117 41 117 117 117 117 117 117 51 117 117 117 117 117 36 117 117 117 117 117 117 117 27 117 117 117 117 117 117 117 3 117 117 117 117 117 
117 117 117 0 117 94 117 117 38 94 3 117 117 109 80 117 117 34 117 67 116 25 117 80 117 117 0 117 117 94 67 117 83 80 117 117 117 117 117 117 94 117 95 117 117 
95 117 117 44 117 117 117 117 117 112 117 117 117 117 117 55 117 65 117 22 117 117 117 117 117 117 117 117 117 117 117 117 117 117 117 117 117 117 117 117 117 117 117 117 
117 117 58 30 117 117 117 32 117 117 54 117 117 117 117 117 117 117 117 117 117 117 117 117 117 23 117 117 117 117 117 117 117 117 117 117 117 117 117 117 117 39 117 
117 92 117 117 117 18 117 117 117 80 117 117 117 117 117 117 28 117 117 117 117 74 117 4 117 117 117 117 117 117 117 117 85 117 117 117 117 117 117 117 117 117 
117 117 117 88 117 117 117 22 0 67 117 117 117 117 117 117 30 117 67 117 117 117 117 117 117 117 117 14 116 117 67 117 117 57 117 117 117 117 117 117 101 
117 1 105 117 117 117 117 117 117 117 88 51 3 117 117 117 117 117 50 117 117 117 117 117 117 117 117 117 117 117 117 117 117 117 95 2 117 117 117 117 
115 54 45 117 47 33 117 117 117 61 117 117 76 117 117 117 117 117 117 83 117 117 117 117 117 117 51 117 117 117 117 24 117 117 117 117 117 117 117 
41 111 117 117 81 117 117 117 117 117 117 117 117 117 117 117 117 117 117 117 117 15 117 117 117 117 117 80 3 117 117 117 94 117 32 18 117 117 
117 117 117 117 117 117 117 97 117 117 117 117 117 117 9 117 117 117 106 117 117 117 117 117 117 117 117 116 102 117 117 117 117 117 117 62 117 
117 117 117 117 3 117 70 117 117 117 117 117 117 117 117 102 117 117 117 43 117 117 117 25 117 80 117 117 86 51 51 117 2 117 117 117 
14 117 80 67 61 37 117 117 117 117 117 117 117 117 38 82 117 117 21 39 94 117 117 16 117 117 117 117 117 117 117 117 117 117 117 
53 117 117 117 35 11 117 117 117 117 48 117 117 17 111 117 117 117 6 117 117 80 117 117 117 117 117 117 117 117 117 117 117 117 
117 67 46 77 117 117 17 117 86 52 117 103 117 117 117 88 117 84 117 117 117 117 117 117 117 117 117 117 117 70 117 117 117 
65 117 117 117 110 9 25 117 117 117 117 117 117 117 117 94 117 117 117 117 117 32 53 117 117 117 117 117 117 117 117 85 
116 117 85 117 117 25 25 116 117 85 117 25 67 116 117 117 117 117 49 117 117 78 117 80 116 117 117 94 117 117 117 
103 117 117 117 117 117 45 95 52 117 117 117 117 9 117 117 112 25 117 94 117 117 104 117 117 117 117 117 117 117 
117 117 64 100 117 117 117 117 117 117 117 117 117 117 117 117 0 117 54 117 117 117 117 116 117 117 117 117 117 
51 117 29 117 95 67 99 117 2 18 117 117 117 117 117 117 117 117 9 117 117 117 117 117 117 117 117 117 
117 95 117 54 117 0 54 117 117 9 117 9 117 9 117 117 50 117 117 94 117 18 117 0 117 117 117 
60 117 29 80 117 117 56 117 117 86 117 117 7 117 117 85 3 117 117 117 117 117 117 117 117 117 
117 117 117 117 30 117 117 117 117 117 117 21 67 117 117 0 117 117 54 117 117 117 117 117 117 
117 116 1 23 117 103 113 117 117 117 87 117 27 117 117 117 117 117 117 117 46 117 117 117 
117 117 20 117 24 117 117 117 117 117 117 117 117 117 117 117 117 117 117 117 117 117 117 
117 117 117 117 117 117 9 117 9 109 117 8 117 80 117 117 71 117 25 51 117 116 
117 117 13 77 117 117 117 117 117 28 67 117 117 117 117 67 117 40 117 117 117 
95 19 71 117 117 37 4 3 117 116 117 117 117 117 117 117 5 117 117 117 
47 26 41 1 117 76 117 117 0 117 117 117 117 117 117 117 117 117 117 
117 117 70 117 117 117 117 117 117 89 117 117 117 94 117 117 117 117 
106 117 28 117 95 117 117 67 117 117 117 94 117 117 117 108 117 
117 117 72 117 117 117 117 117 117 117 85 117 117 117 117 117 
117 117 117 117 117 85 47 68 117 3 117 117 117 117 107 
46 117 117 117 117 117 117 117 9 17 117 93 117 117 
117 66 117 117 74 36 99 117 117 117 117 117 117 
95 43 117 95 80 117 42 9 0 51 25 117 
80 0 117 117 117 116 117 117 117 105 52 
42 25 9 25 117 117 117 117 117 117 
9 51 67 34 117 117 117 9 117 
117 117 80 18 117 117 117 117 
117 117 117 117 117 117 99 
117 117 92 91 117 117 
54 3 117 95 117 
117 22 117 117 
117 51 117 
117 47 
117 

